learning evaluation instances,evaluation time (cpu seconds),model cost (RAM-Hours),classified instances,classifications correct (percent),Kappa Statistic (percent),Kappa Temporal Statistic (percent),Kappa M Statistic (percent),model training instances,model serialized size (bytes),Change detected,Warning detected,tree size (nodes),tree size (leaves),active learning leaves,tree depth,active leaf byte size estimate,inactive leaf byte size estimate,byte size estimate overhead
1000.0,0.038517344,3.502070813973745E-9,1000.0,66.4,29.19130570389322,32.25806451612904,16.000000000000014,1000.0,4560.0,0.0,0.0,1.0,1.0,1.0,0.0,0.0,0.0,1.0
2000.0,0.117122451,1.1233675545888643E-8,2000.0,67.55,30.76535750251762,31.612223393045312,17.3248407643312,2000.0,4560.0,0.0,0.0,1.0,1.0,1.0,0.0,0.0,0.0,1.0
3000.0,0.164348735,1.5980310589211683E-8,3000.0,68.23333333333333,32.511861766163875,34.41156228492773,20.583333333333343,3000.0,4560.0,0.0,0.0,1.0,1.0,1.0,0.0,0.0,0.0,1.0
4000.0,0.238996048,2.373109927871989E-8,4000.0,68.89999999999999,33.42276304631534,35.1745700885878,21.464646464646457,4000.0,9096.0,0.0,0.0,3.0,2.0,2.0,1.0,0.0,0.0,1.0
5000.0,0.286240132,2.8842861314606338E-8,5000.0,69.58,34.7053369050072,36.67776852622814,22.397959183673464,5000.0,16520.0,0.0,0.0,7.0,4.0,4.0,2.0,0.0,0.0,1.0
6000.0,0.314542894,3.1973549171888996E-8,6000.0,71.05,38.44642606554659,39.93775933609959,26.584953508030434,6000.0,17576.0,0.0,0.0,7.0,4.0,4.0,2.0,0.0,0.0,1.0
7000.0,0.34206432,3.508097713661277E-8,7000.0,72.0,40.72070317343852,41.75334323922734,28.830791575889613,7000.0,18104.0,0.0,0.0,7.0,4.0,4.0,2.0,0.0,0.0,1.0
8000.0,0.368993581,3.81795621044168E-8,8000.0,73.175,43.55448284523809,44.274214489742924,32.04559848005067,8000.0,18152.0,0.0,0.0,7.0,4.0,4.0,2.0,0.0,0.0,1.0
9000.0,0.401790382,4.130737665826248E-8,9000.0,73.46666666666667,44.21716083828745,44.98963372494817,32.61851015801355,201.0,4552.0,2.0,0.0,1.0,1.0,1.0,0.0,0.0,0.0,1.0
10000.0,0.429680666,4.394884584962494E-8,10000.0,73.33,43.869099794216154,44.94219653179191,32.71947527749746,1.0,3656.0,1.0,0.0,1.0,1.0,1.0,0.0,0.0,0.0,1.0
11000.0,0.456997316,4.658918571621594E-8,11000.0,72.60909090909091,42.09265538555253,43.545062769346075,30.83103764921948,801.0,4560.0,1.0,0.0,1.0,1.0,1.0,0.0,0.0,0.0,1.0
12000.0,0.481958248,4.9055296791382135E-8,12000.0,72.34166666666667,41.47068870077449,42.686927991711286,30.141022942538427,1801.0,4560.0,0.0,0.0,1.0,1.0,1.0,0.0,0.0,0.0,1.0
13000.0,0.506456954,5.1528217730166187E-8,13000.0,72.1923076923077,41.19169023754277,42.3444976076555,29.901105293775437,2801.0,4560.0,0.0,0.0,1.0,1.0,1.0,0.0,0.0,0.0,1.0
14000.0,0.532696348,5.426405939832744E-8,14000.0,71.93571428571428,40.75782934515461,41.97312066164524,29.562567228397267,3801.0,9104.0,0.0,0.0,3.0,2.0,2.0,1.0,0.0,0.0,1.0
15000.0,0.559107055,5.710122839805153E-8,15000.0,71.92,40.89428462887672,42.18256691832532,29.85845129059116,4801.0,13016.0,0.0,0.0,5.0,3.0,3.0,2.0,0.0,0.0,1.0
16000.0,0.585116928,5.998195058632849E-8,16000.0,72.13125000000001,41.386178751845684,42.39018087855298,30.34989065916901,5801.0,17584.0,0.0,0.0,7.0,4.0,4.0,2.0,0.0,0.0,1.0
17000.0,0.610883932,6.292115122039078E-8,17000.0,72.40588235294118,42.01890230171587,42.89713937918442,30.831613093482744,6801.0,22088.0,0.0,0.0,9.0,5.0,5.0,3.0,0.0,0.0,1.0
18000.0,0.637984469,6.548804837826432E-8,18000.0,72.66666666666667,42.588311830832296,43.291839557399726,31.294511939673242,1.0,3688.0,2.0,0.0,1.0,1.0,1.0,0.0,0.0,0.0,1.0
19000.0,0.661297121,6.775136196254235E-8,19000.0,72.40526315789474,41.95778860555476,42.68066032578988,30.61143462149285,1001.0,4560.0,0.0,0.0,1.0,1.0,1.0,0.0,0.0,0.0,1.0
20000.0,0.684382055,7.004201639463297E-8,20000.0,72.33500000000001,41.78433200367051,42.42455775234132,30.48121623319514,2001.0,4560.0,0.0,0.0,1.0,1.0,1.0,0.0,0.0,0.0,1.0
21000.0,0.706995265,7.23343013969871E-8,21000.0,72.22857142857143,41.6302372757163,42.21165279429251,30.488676996424317,3001.0,4560.0,0.0,0.0,1.0,1.0,1.0,0.0,0.0,0.0,1.0
22000.0,0.734709255,7.496022104818581E-8,22000.0,72.10909090909091,41.29326477464724,41.899441340782126,30.07407407407407,1.0,3816.0,3.0,0.0,1.0,1.0,1.0,0.0,0.0,0.0,1.0
23000.0,0.757798231,7.720181900228684E-8,23000.0,71.92608695652174,40.85383687987552,41.427793904209004,29.646981913270874,1001.0,4560.0,0.0,0.0,1.0,1.0,1.0,0.0,0.0,0.0,1.0
24000.0,0.780711609,7.947545040490934E-8,24000.0,71.775,40.55583758121404,41.14171517942479,29.437500000000007,2001.0,4560.0,0.0,0.0,1.0,1.0,1.0,0.0,0.0,0.0,1.0
25000.0,0.803753452,8.181118562938645E-8,25000.0,71.76,40.495599843461285,41.11268662941029,29.279775618551547,3001.0,4560.0,0.0,0.0,1.0,1.0,1.0,0.0,0.0,0.0,1.0
26000.0,0.830110769,8.459712513289725E-8,26000.0,71.75,40.467474441913986,41.065554039958286,29.170684667309555,4001.0,12968.0,0.0,0.0,5.0,3.0,3.0,2.0,0.0,0.0,1.0
27000.0,0.856242789,8.745048897462794E-8,27000.0,71.83703703703704,40.65821722321626,41.25917342603321,29.383358098068346,5001.0,18160.0,0.0,0.0,7.0,4.0,4.0,2.0,0.0,0.0,1.0
28000.0,0.883775751,9.007635081077823E-8,28000.0,71.89642857142857,40.847359878378136,41.350525452783785,29.62797352888571,201.0,4560.0,2.0,0.0,1.0,1.0,1.0,0.0,0.0,0.0,1.0
29000.0,0.906919362,9.233316793201699E-8,29000.0,71.81724137931035,40.72555578960196,41.17604721462502,29.579527830432546,1201.0,4560.0,0.0,0.0,1.0,1.0,1.0,0.0,0.0,0.0,1.0
30000.0,0.92259867,9.389569963592623E-8,30000.0,71.74666666666667,40.60707140784617,41.06522041440691,29.51351351351353,2201.0,4560.0,0.0,0.0,1.0,1.0,1.0,0.0,0.0,0.0,1.0
31000.0,0.938199916,9.548387054308007E-8,31000.0,71.8,40.68153627593439,41.01612576749206,29.579507008216527,3201.0,4560.0,0.0,0.0,1.0,1.0,1.0,0.0,0.0,0.0,1.0
32000.0,0.954600577,9.720793235622967E-8,32000.0,71.778125,40.6862377671728,41.05860853674456,29.604801621326693,4201.0,9104.0,0.0,0.0,3.0,2.0,2.0,1.0,0.0,0.0,1.0
33000.0,0.973533088,9.928238908827305E-8,33000.0,71.93636363636364,41.07147356752677,41.419444620153065,30.089831659998485,5201.0,17976.0,0.0,0.0,7.0,4.0,4.0,2.0,0.0,0.0,1.0
34000.0,0.989015358,1.0101266759514809E-7,34000.0,72.1,41.49066894050327,41.84292808534117,30.602092325700482,6201.0,18152.0,0.0,0.0,7.0,4.0,4.0,2.0,0.0,0.0,1.0
35000.0,1.004719402,1.028015000032468E-7,35000.0,72.38,42.11989219959293,42.55066262554227,31.269107714184134,7201.0,18184.0,0.0,0.0,7.0,4.0,4.0,2.0,0.0,0.0,1.0
36000.0,1.020625048,1.0464736725999251E-7,36000.0,72.625,42.73291174331068,43.136576077548895,32.00634745411894,8201.0,18184.0,0.0,0.0,7.0,4.0,4.0,2.0,0.0,0.0,1.0
37000.0,1.037739378,1.0669010461433067E-7,37000.0,72.84054054054054,43.245915459153046,43.63044819655579,32.64745308310992,9201.0,22664.0,0.0,0.0,9.0,5.0,5.0,3.0,0.0,0.0,1.0
38000.0,1.055083264,1.0881559148163433E-7,38000.0,72.9921052631579,43.60335801531298,43.95784415442581,33.035364739658085,10201.0,26600.0,0.0,0.0,11.0,6.0,6.0,3.0,0.0,0.0,1.0
39000.0,1.074979719,1.1071364178317704E-7,39000.0,73.06923076923077,43.77600203944087,44.046667732139994,33.1615120274914,201.0,4560.0,2.0,0.0,1.0,1.0,1.0,0.0,0.0,0.0,1.0
40000.0,1.0908297,1.1225962433141762E-7,40000.0,72.955,43.51703478822272,43.814272358990344,32.9365817370281,1201.0,4560.0,0.0,0.0,1.0,1.0,1.0,0.0,0.0,0.0,1.0
41000.0,1.106799824,1.1385153411652273E-7,41000.0,72.8780487804878,43.34989679534596,43.6191248795822,32.75278180938558,2201.0,4560.0,0.0,0.0,1.0,1.0,1.0,0.0,0.0,0.0,1.0
42000.0,1.123570087,1.1555912475556964E-7,42000.0,72.76428571428572,43.11514974758811,43.37969608473989,32.57294429708223,3201.0,4560.0,0.0,0.0,1.0,1.0,1.0,0.0,0.0,0.0,1.0
43000.0,1.143056303,1.176307337383181E-7,43000.0,72.73488372093023,43.06505908982721,43.337683050601704,32.496545370796866,4201.0,13584.0,0.0,0.0,5.0,3.0,3.0,2.0,0.0,0.0,1.0
44000.0,1.16283202,1.195342102345162E-7,44000.0,72.65454545454546,42.85402126397585,43.19169027384323,32.271320011258084,601.0,4560.0,2.0,0.0,1.0,1.0,1.0,0.0,0.0,0.0,1.0
45000.0,1.180296211,1.2125260393267083E-7,45000.0,72.57333333333334,42.68339661871773,43.07983212655075,32.12341197822142,1601.0,4560.0,0.0,0.0,1.0,1.0,1.0,0.0,0.0,0.0,1.0
46000.0,1.197421086,1.2297429274330328E-7,46000.0,72.50869565217391,42.53689605210016,42.97695810975336,31.9888135957836,2601.0,4560.0,0.0,0.0,1.0,1.0,1.0,0.0,0.0,0.0,1.0
47000.0,1.216271105,1.2493207632953714E-7,47000.0,72.4531914893617,42.421213969119584,42.84642210744713,31.875822152065236,3601.0,9104.0,0.0,0.0,3.0,2.0,2.0,1.0,0.0,0.0,1.0
48000.0,1.235692827,1.2703348697792946E-7,48000.0,72.56875000000001,42.69156505210466,43.08623298033283,32.24063400576371,4601.0,17544.0,0.0,0.0,7.0,4.0,4.0,2.0,0.0,0.0,1.0
49000.0,1.251323026,1.2876072708754905E-7,49000.0,72.64081632653061,42.85196895130334,43.26463244318422,32.39876960314658,5601.0,18184.0,0.0,0.0,7.0,4.0,4.0,2.0,0.0,0.0,1.0
50000.0,1.268790699,1.3074904286643698E-7,50000.0,72.77,43.16790472558184,43.56242745813299,32.722241438948465,6601.0,22720.0,0.0,0.0,9.0,5.0,5.0,3.0,0.0,0.0,1.0
51000.0,1.284861529,1.3261281601262592E-7,51000.0,72.93333333333332,43.55167914238295,43.915816844756826,33.12015503875967,7601.0,22728.0,0.0,0.0,9.0,5.0,5.0,3.0,0.0,0.0,1.0
52000.0,1.302179926,1.3467833339825276E-7,52000.0,73.10384615384615,43.946802766469354,44.20107719928187,33.52661596958174,8601.0,27160.0,0.0,0.0,11.0,6.0,6.0,4.0,0.0,0.0,1.0
53000.0,1.318057022,1.3660638737024535E-7,53000.0,73.26981132075471,44.33981960488765,44.58656027536573,33.96877184805406,9601.0,27264.0,0.0,0.0,11.0,6.0,6.0,4.0,0.0,0.0,1.0
54000.0,1.335390125,1.387662102378574E-7,54000.0,73.39444444444445,44.63275768808991,44.82083189307522,34.250148734611685,10601.0,31216.0,0.0,0.0,13.0,7.0,7.0,4.0,0.0,0.0,1.0
55000.0,1.353174678,1.4104125168918323E-7,55000.0,73.57454545454546,45.0287069366466,45.204343236314294,34.643403183739565,11601.0,35728.0,0.0,0.0,15.0,8.0,8.0,4.0,0.0,0.0,1.0
56000.0,1.374490987,1.4383831683300436E-7,56000.0,73.7375,45.40714391342432,45.56793367630186,35.071299280384984,12601.0,40160.0,0.0,0.0,17.0,9.0,9.0,4.0,0.0,0.0,1.0
57000.0,1.390376881,1.4595720834476253E-7,57000.0,73.90526315789474,45.77738867260744,45.83985726249865,35.41467650890143,13601.0,40248.0,0.0,0.0,17.0,9.0,9.0,4.0,0.0,0.0,1.0
58000.0,1.408989816,1.4774078938853203E-7,58000.0,73.90862068965517,45.750922395759765,45.82393584648981,35.38980445734778,401.0,4560.0,2.0,0.0,1.0,1.0,1.0,0.0,0.0,0.0,1.0
59000.0,1.425999878,1.4940721169029467E-7,59000.0,73.88135593220339,45.68024682641565,45.756626421204544,35.30646515533164,1401.0,4560.0,0.0,0.0,1.0,1.0,1.0,0.0,0.0,0.0,1.0
60000.0,1.441705784,1.5097951263751627E-7,60000.0,73.81833333333333,45.52815184796948,45.581459798385694,35.10554798198867,2401.0,4560.0,0.0,0.0,1.0,1.0,1.0,0.0,0.0,0.0,1.0
61000.0,1.457737003,1.526163641944569E-7,61000.0,73.7344262295082,45.328545379575104,45.39940021810251,34.819576095358215,3401.0,3984.0,0.0,0.0,3.0,2.0,2.0,1.0,0.0,0.0,1.0
62000.0,1.473735012,1.543053496281099E-7,62000.0,73.67903225806451,45.15617999238505,45.32265630235207,34.726610935562576,4401.0,9104.0,0.0,0.0,3.0,2.0,2.0,1.0,0.0,0.0,1.0
63000.0,1.491161534,1.562232328859965E-7,63000.0,73.69682539682539,45.20003535340032,45.40752454371746,34.86498172241657,5401.0,18096.0,0.0,0.0,7.0,4.0,4.0,2.0,0.0,0.0,1.0
64000.0,1.506097552,1.5789907807160583E-7,64000.0,73.76406250000001,45.348486548475776,45.558005317424296,35.03946146703808,6401.0,18112.0,0.0,0.0,7.0,4.0,4.0,2.0,0.0,0.0,1.0
65000.0,1.520824018,1.5958319971792815E-7,65000.0,73.86153846153846,45.5834850347774,45.75697592746312,35.300837776085295,7401.0,18176.0,0.0,0.0,7.0,4.0,4.0,2.0,0.0,0.0,1.0
66000.0,1.53532768,1.6127293892238704E-7,66000.0,73.98636363636363,45.86195902901032,46.03149655801088,35.58565318526302,8401.0,18184.0,0.0,0.0,7.0,4.0,4.0,2.0,0.0,0.0,1.0
67000.0,1.551275849,1.6278473206044694E-7,67000.0,74.11492537313433,46.14708287835294,46.3048391591071,35.85931432375458,1.0,3888.0,1.0,0.0,1.0,1.0,1.0,0.0,0.0,0.0,1.0
68000.0,1.567707922,1.6437341168329536E-7,68000.0,73.98235294117647,45.86223082008979,46.01653800384462,35.52948035857443,801.0,4560.0,1.0,0.0,1.0,1.0,1.0,0.0,0.0,0.0,1.0
69000.0,1.583575772,1.6594153090600754E-7,69000.0,73.9463768115942,45.77338876861176,45.92895599602972,35.41816352924272,1801.0,4560.0,0.0,0.0,1.0,1.0,1.0,0.0,0.0,0.0,1.0
70000.0,1.598975494,1.6749637485033938E-7,70000.0,73.93142857142857,45.7289622476945,45.93825916928363,35.40073633531576,2801.0,4560.0,0.0,0.0,1.0,1.0,1.0,0.0,0.0,0.0,1.0
71000.0,1.614924356,1.6915967372427801E-7,71000.0,73.92816901408452,45.68955444327522,45.907483708833766,35.33952773508453,3801.0,9104.0,0.0,0.0,3.0,2.0,2.0,1.0,0.0,0.0,1.0
72000.0,1.631806573,1.7099536184292083E-7,72000.0,73.96249999999999,45.77771596787261,45.949140814208285,35.46199394106307,4801.0,17960.0,0.0,0.0,7.0,4.0,4.0,2.0,0.0,0.0,1.0
73000.0,1.646876102,1.7266703775512886E-7,73000.0,74.02876712328768,45.93284830593172,46.09785915332784,35.644942294636806,5801.0,18168.0,0.0,0.0,7.0,4.0,4.0,2.0,0.0,0.0,1.0
74000.0,1.66239233,1.7443987112065368E-7,74000.0,74.08918918918918,46.09018647704337,46.15557427688851,35.82569114398553,6801.0,22720.0,0.0,0.0,9.0,5.0,5.0,3.0,0.0,0.0,1.0
75000.0,1.676949616,1.7613438148821604E-7,75000.0,74.20266666666666,46.35003544809289,46.391067025020085,36.11358758461284,7801.0,22736.0,0.0,0.0,9.0,5.0,5.0,3.0,0.0,0.0,1.0
76000.0,1.692116877,1.7795030745899308E-7,76000.0,74.30526315789474,46.57273175500106,46.60103910308997,36.32865992826868,8801.0,27280.0,0.0,0.0,11.0,6.0,6.0,4.0,0.0,0.0,1.0
77000.0,1.707444606,1.7983391749182718E-7,77000.0,74.4012987012987,46.77674901381531,46.78312049461378,36.49806701030928,9801.0,31200.0,0.0,0.0,13.0,7.0,7.0,4.0,0.0,0.0,1.0
78000.0,1.722157586,1.8167355832505766E-7,78000.0,74.48461538461538,46.972429924606,46.91667555745225,36.66624236252546,10801.0,31216.0,0.0,0.0,13.0,7.0,7.0,4.0,0.0,0.0,1.0
79000.0,1.738162468,1.837461804481368E-7,79000.0,74.57088607594937,47.168280122089165,47.07292654652756,36.82505739174189,11801.0,40144.0,0.0,0.0,17.0,9.0,9.0,4.0,0.0,0.0,1.0
80000.0,1.753016905,1.857022236099239E-7,80000.0,74.68375,47.42282712089869,47.32776780837951,37.09467014535968,12801.0,40296.0,0.0,0.0,17.0,9.0,9.0,4.0,0.0,0.0,1.0
81000.0,1.768397944,1.8715977865091423E-7,81000.0,74.81481481481481,47.69655475193018,47.604982663413374,37.386820539578274,1.0,3768.0,1.0,0.0,1.0,1.0,1.0,0.0,0.0,0.0,1.0
82000.0,1.783284802,1.8859906436689407E-7,82000.0,74.70609756097562,47.45550989082224,47.38457635717911,37.11609010702484,801.0,4560.0,1.0,0.0,1.0,1.0,1.0,0.0,0.0,0.0,1.0
83000.0,1.800083746,1.9025919771877637E-7,83000.0,74.64096385542169,47.31652545823153,47.2758698429398,36.9782621713875,1801.0,4560.0,0.0,0.0,1.0,1.0,1.0,0.0,0.0,0.0,1.0
84000.0,1.821993615,1.924713433104795E-7,84000.0,74.5904761904762,47.20584800391981,47.15654477482608,36.84085932414039,2801.0,4560.0,0.0,0.0,1.0,1.0,1.0,0.0,0.0,0.0,1.0
85000.0,1.841750378,1.9453172539430362E-7,85000.0,74.56,47.13691554117939,47.04412989175688,36.73123061618586,3801.0,9096.0,0.0,0.0,3.0,2.0,2.0,1.0,0.0,0.0,1.0
86000.0,1.857543656,1.9624989023263257E-7,86000.0,74.57674418604651,47.17649498987271,47.08359552737305,36.82385575589457,4801.0,18176.0,0.0,0.0,7.0,4.0,4.0,2.0,0.0,0.0,1.0
87000.0,1.871809917,1.9783254750604225E-7,87000.0,74.65057471264367,47.34010035623286,47.234185089482246,36.995771911781524,5801.0,18192.0,0.0,0.0,7.0,4.0,4.0,2.0,0.0,0.0,1.0
88000.0,1.886088329,1.9944713773293421E-7,88000.0,74.70909090909092,47.47735886167341,47.39404826624437,37.147698390285235,6801.0,18192.0,0.0,0.0,7.0,4.0,4.0,2.0,0.0,0.0,1.0
89000.0,1.901057876,2.0118963647818194E-7,89000.0,74.75505617977528,47.59573272676258,47.51816122024714,37.2700114470782,7801.0,22736.0,0.0,0.0,9.0,5.0,5.0,3.0,0.0,0.0,1.0
90000.0,1.915292163,2.028770392635713E-7,90000.0,74.85444444444444,47.82615757572072,47.71025878003697,37.567932908494036,8801.0,22736.0,0.0,0.0,9.0,5.0,5.0,3.0,0.0,0.0,1.0
91000.0,1.930860948,2.047900468901607E-7,91000.0,74.91538461538461,47.967367106247856,47.83115458451413,37.717934026356716,9801.0,31144.0,0.0,0.0,13.0,7.0,7.0,4.0,0.0,0.0,1.0
92000.0,1.946115576,2.0670985180522625E-7,92000.0,74.99130434782609,48.147323370106946,47.989239776657534,37.89007666558686,10801.0,34344.0,0.0,0.0,15.0,8.0,8.0,4.0,0.0,0.0,1.0
93000.0,1.961329286,2.0868011211252253E-7,93000.0,75.06344086021505,48.321750090340494,48.15220550425899,38.076419855277585,11801.0,40168.0,0.0,0.0,17.0,9.0,9.0,4.0,0.0,0.0,1.0
94000.0,1.976813256,2.107342423095078E-7,94000.0,75.14999999999999,48.51354146107022,48.35735762292181,38.30815550390872,12801.0,44064.0,0.0,0.0,19.0,10.0,10.0,4.0,0.0,0.0,1.0
95000.0,1.991644,2.1273606077133987E-7,95000.0,75.28315789473685,48.78033044041027,48.60238590346941,38.60534434973591,13801.0,44736.0,0.0,0.0,19.0,10.0,10.0,4.0,0.0,0.0,1.0
96000.0,2.006392504,2.1475919472480192E-7,96000.0,75.39583333333333,49.01135969484412,48.81685013435034,38.87321756683314,14801.0,44808.0,0.0,0.0,19.0,10.0,10.0,4.0,0.0,0.0,1.0
97000.0,2.021220037,2.1682502278248468E-7,97000.0,75.50721649484537,49.23412126433876,49.053245555722356,39.13355365972382,15801.0,44832.0,0.0,0.0,19.0,10.0,10.0,4.0,0.0,0.0,1.0
98000.0,2.037472227,2.1838995389025243E-7,98000.0,75.46632653061225,49.128247070482175,48.970625689786914,39.01121201359647,601.0,4560.0,2.0,0.0,1.0,1.0,1.0,0.0,0.0,0.0,1.0
99000.0,2.051782164,2.1979851701749074E-7,99000.0,75.4040404040404,48.978278043651514,48.82841231480509,38.83600010047475,1601.0,4560.0,0.0,0.0,1.0,1.0,1.0,0.0,0.0,0.0,1.0
100000.0,2.066756211,2.213045252004783E-7,100000.0,75.36500000000001,48.88690705227937,48.72408625426693,38.753946746886115,2601.0,4560.0,0.0,0.0,1.0,1.0,1.0,0.0,0.0,0.0,1.0
101000.0,2.08401291,2.229865025441307E-7,101000.0,75.36138613861387,48.89875492771002,48.73194750612909,38.83795807014526,601.0,9088.0,2.0,0.0,3.0,2.0,2.0,1.0,0.0,0.0,1.0
102000.0,2.099030619,2.2448248055181984E-7,102000.0,75.47254901960785,49.15605186008592,48.975138177887466,39.233926793131104,1601.0,9104.0,0.0,0.0,3.0,2.0,2.0,1.0,0.0,0.0,1.0
103000.0,2.114860845,2.261115872270945E-7,103000.0,75.60194174757282,49.46007752452615,49.28252840622415,39.66821117326484,2601.0,13544.0,0.0,0.0,5.0,3.0,3.0,2.0,0.0,0.0,1.0
104000.0,2.129405665,2.276399582405057E-7,104000.0,75.7375,49.779260129952974,49.60153394451435,40.132390623517125,3601.0,13648.0,0.0,0.0,5.0,3.0,3.0,2.0,0.0,0.0,1.0
105000.0,2.144634164,2.2929062900449252E-7,105000.0,75.88000000000001,50.107878862425956,49.89514501642069,40.60924419013673,4601.0,18152.0,0.0,0.0,7.0,4.0,4.0,3.0,0.0,0.0,1.0
106000.0,2.159252893,2.309066698510448E-7,106000.0,76.02075471698113,50.42609944615183,50.211549008853716,41.05560966559992,5601.0,18192.0,0.0,0.0,7.0,4.0,4.0,3.0,0.0,0.0,1.0
107000.0,2.174624559,2.3265592348625673E-7,107000.0,76.16168224299066,50.7365426119848,50.5237226985297,41.48160044048821,6601.0,22456.0,0.0,0.0,9.0,5.0,5.0,4.0,0.0,0.0,1.0
108000.0,2.190079942,2.3446687394912455E-7,108000.0,76.3,51.049015503009734,50.8440398686409,41.91703730598167,7601.0,27200.0,0.0,0.0,11.0,6.0,6.0,4.0,0.0,0.0,1.0
109000.0,2.205497802,2.3632413096533464E-7,109000.0,76.44495412844037,51.37521742652994,51.18171619797312,42.35906876501359,8601.0,31608.0,0.0,0.0,13.0,7.0,7.0,4.0,0.0,0.0,1.0
110000.0,2.220192068,2.381264284404077E-7,110000.0,76.59454545454545,51.70844522752832,51.51229801499115,42.82986188213351,9601.0,31800.0,0.0,0.0,13.0,7.0,7.0,4.0,0.0,0.0,1.0
111000.0,2.235706879,2.400782390368067E-7,111000.0,76.75675675675676,52.06575375859551,51.859384621125905,43.31165406925648,10601.0,35672.0,0.0,0.0,15.0,8.0,8.0,4.0,0.0,0.0,1.0
112000.0,2.25360779,2.4240751006771285E-7,112000.0,76.90357142857142,52.396425076969564,52.19191247135358,43.7823271178337,11601.0,44032.0,0.0,0.0,19.0,10.0,10.0,5.0,0.0,0.0,1.0
113000.0,2.26890021,2.444351844847036E-7,113000.0,77.04159292035399,52.694242353656875,52.475773507483204,44.15936632299448,12601.0,45312.0,0.0,0.0,19.0,10.0,10.0,5.0,0.0,0.0,1.0
114000.0,2.289979981,2.472756827608392E-7,114000.0,77.18771929824561,53.01690569348886,52.79960796413599,44.59853859099721,13601.0,45368.0,0.0,0.0,19.0,10.0,10.0,5.0,0.0,0.0,1.0
115000.0,2.31634081,2.5094057171753495E-7,115000.0,77.34086956521739,53.358398574692366,53.13393643999209,45.07514280294249,14601.0,53576.0,0.0,0.0,23.0,12.0,12.0,5.0,0.0,0.0,1.0
116000.0,2.342910058,2.547505161050106E-7,116000.0,77.48103448275863,53.664590234404955,53.43173957999075,45.49741278584545,15601.0,62136.0,0.0,0.0,27.0,14.0,14.0,5.0,0.0,0.0,1.0
117000.0,2.360887802,2.5736771977369765E-7,117000.0,77.61880341880342,53.967121947323626,53.7120837163261,45.91569076977094,16601.0,62288.0,0.0,0.0,29.0,15.0,15.0,5.0,0.0,0.0,1.0
118000.0,2.376709453,2.5972555870479165E-7,118000.0,77.74745762711865,54.25958877851499,53.95352915387988,46.35750766087845,17601.0,67312.0,0.0,0.0,29.0,15.0,15.0,5.0,0.0,0.0,1.0
119000.0,2.39285207,2.6218231208230874E-7,119000.0,77.89075630252101,54.57193362407746,54.258592812809695,46.778598159198964,18601.0,71240.0,0.0,0.0,31.0,16.0,16.0,5.0,0.0,0.0,1.0
120000.0,2.408069861,2.6453100733488374E-7,120000.0,78.02416666666666,54.858403817238134,54.52021247240617,47.154422668430115,19601.0,71264.0,0.0,0.0,31.0,16.0,16.0,5.0,0.0,0.0,1.0
121000.0,2.423205129,2.668996057353706E-7,121000.0,78.15702479338843,55.1410440882341,54.81974050838476,47.52516528679493,20601.0,71320.0,0.0,0.0,31.0,16.0,16.0,5.0,0.0,0.0,1.0
122000.0,2.438311938,2.6929632871008575E-7,122000.0,78.29098360655738,55.437682712610325,55.09418606622696,47.94819386030423,21601.0,71376.0,0.0,0.0,31.0,16.0,16.0,5.0,0.0,0.0,1.0
123000.0,2.453378492,2.717197802547613E-7,123000.0,78.43983739837398,55.76306352583658,55.43100115964437,48.39155395543445,22601.0,71376.0,0.0,0.0,31.0,16.0,16.0,5.0,0.0,0.0,1.0
124000.0,2.468480676,2.741813123875028E-7,124000.0,78.56451612903226,56.027115998087055,55.691876844088085,48.73476315383429,23601.0,71376.0,0.0,0.0,31.0,16.0,16.0,5.0,0.0,0.0,1.0
125000.0,2.483584664,2.766774300095273E-7,125000.0,78.69279999999999,56.305178401147096,55.98413485374317,49.117377349839515,24601.0,71872.0,0.0,0.0,31.0,16.0,16.0,5.0,0.0,0.0,1.0
126000.0,2.499856251,2.794149333163226E-7,126000.0,78.81666666666666,56.57669805535036,56.23134695483913,49.49286606365667,25601.0,75072.0,0.0,0.0,33.0,17.0,17.0,5.0,0.0,0.0,1.0
127000.0,2.516428161,2.8223863165133935E-7,127000.0,78.93307086614173,56.83067638895844,56.4931052426174,49.84158527211713,26601.0,75112.0,0.0,0.0,33.0,17.0,17.0,5.0,0.0,0.0,1.0
128000.0,2.532448031,2.850183313080378E-7,128000.0,79.05234374999999,57.088756755098345,56.762291777530514,50.18670927229828,27601.0,78888.0,0.0,0.0,35.0,18.0,18.0,5.0,0.0,0.0,1.0
129000.0,2.555004883,2.8898841417341174E-7,129000.0,79.17054263565892,57.34056423095236,57.019690644144795,50.50927375536441,28601.0,80224.0,0.0,0.0,35.0,18.0,18.0,5.0,0.0,0.0,1.0
130000.0,2.574215876,2.9241116279039317E-7,130000.0,79.27923076923076,57.575016316017205,57.240142231252776,50.82155767334867,29601.0,80304.0,0.0,0.0,35.0,18.0,18.0,5.0,0.0,0.0,1.0
131000.0,2.589671113,2.9519802852581766E-7,131000.0,79.40229007633587,57.84202421847989,57.48700173310225,51.177896793804734,30601.0,80344.0,0.0,0.0,35.0,18.0,18.0,5.0,0.0,0.0,1.0
132000.0,2.605220152,2.980352439156133E-7,132000.0,79.51136363636364,58.0791162420768,57.73228100336018,51.49487956669119,31601.0,80376.0,0.0,0.0,35.0,18.0,18.0,5.0,0.0,0.0,1.0
133000.0,2.620601291,3.008761068102034E-7,133000.0,79.61654135338347,58.30867688729722,57.973553257785994,51.80016001422349,32601.0,80392.0,0.0,0.0,35.0,18.0,18.0,5.0,0.0,0.0,1.0
134000.0,2.636008189,3.0375472955742434E-7,134000.0,79.72910447761194,58.5541404211514,58.22555095889148,52.13146532734163,33601.0,80392.0,0.0,0.0,35.0,18.0,18.0,5.0,0.0,0.0,1.0
135000.0,2.651437394,3.06670602077819E-7,135000.0,79.84074074074074,58.793971649587654,58.464332590580284,52.44543850145905,34601.0,80400.0,0.0,0.0,35.0,18.0,18.0,5.0,0.0,0.0,1.0
136000.0,2.667787942,3.0981223226280054E-7,136000.0,79.94264705882354,59.01437004482396,58.6803399124468,52.736723555401554,35601.0,84304.0,0.0,0.0,37.0,19.0,19.0,5.0,0.0,0.0,1.0
137000.0,2.684484248,3.1306870838226333E-7,137000.0,80.04890510948906,59.24168833862669,58.90145250052628,53.02962606543855,36601.0,87208.0,0.0,0.0,39.0,20.0,20.0,5.0,0.0,0.0,1.0
138000.0,2.704639602,3.1705094235230443E-7,138000.0,80.13985507246377,59.43351421201935,59.089755646112295,53.268653662529,37601.0,88728.0,0.0,0.0,39.0,20.0,20.0,5.0,0.0,0.0,1.0
139000.0,2.721279978,3.203743764070566E-7,139000.0,80.24604316546763,59.66219425789323,59.31485130910224,53.568046536796544,38601.0,88736.0,0.0,0.0,39.0,20.0,20.0,5.0,0.0,0.0,1.0
140000.0,2.737862434,3.237221061235728E-7,140000.0,80.35357142857143,59.89022064531804,59.52825885434292,53.856090727599096,39601.0,88816.0,0.0,0.0,39.0,20.0,20.0,5.0,0.0,0.0,1.0
141000.0,2.754519628,3.271207080630399E-7,141000.0,80.45673758865249,60.112844773194894,59.74228988005669,54.152038999717156,40601.0,88840.0,0.0,0.0,39.0,20.0,20.0,5.0,0.0,0.0,1.0
142000.0,2.771763361,3.306927998692418E-7,142000.0,80.55985915492958,60.337409166751875,59.975931913412886,54.45621329109748,41601.0,92600.0,0.0,0.0,41.0,21.0,21.0,5.0,0.0,0.0,1.0
143000.0,2.795878203,3.3576816588271406E-7,143000.0,80.64615384615385,60.522786936049336,60.16122067079315,54.69783277679565,42601.0,97104.0,0.0,0.0,43.0,22.0,22.0,5.0,0.0,0.0,1.0
144000.0,2.817259184,3.403141659917765E-7,144000.0,80.74097222222221,60.72326785838731,60.35990966524684,54.94891080102015,43601.0,97144.0,0.0,0.0,43.0,22.0,22.0,5.0,0.0,0.0,1.0
145000.0,2.833558145,3.438168733248073E-7,145000.0,80.83241379310346,60.921844710304875,60.55156556050757,55.223135169969396,44601.0,97696.0,0.0,0.0,43.0,22.0,22.0,5.0,0.0,0.0,1.0
146000.0,2.853701854,3.482149525509402E-7,146000.0,80.92739726027396,61.11960700805569,60.75817361894025,55.46492659053832,45601.0,102656.0,0.0,0.0,45.0,23.0,23.0,5.0,0.0,0.0,1.0
147000.0,2.879506868,3.539053836526018E-7,147000.0,81.02176870748299,61.324939914888,60.957245819046946,55.74204806853334,46601.0,102808.0,0.0,0.0,45.0,23.0,23.0,5.0,0.0,0.0,1.0
148000.0,2.904164651,3.593960576613599E-7,148000.0,81.10202702702702,61.49934303489385,61.1304130301851,55.97235777476938,47601.0,102872.0,0.0,0.0,45.0,23.0,23.0,5.0,0.0,0.0,1.0
149000.0,2.921640337,3.633439154900548E-7,149000.0,81.18523489932886,61.676300513556605,61.31000027602198,56.19687500000001,48601.0,107056.0,0.0,0.0,47.0,24.0,24.0,6.0,0.0,0.0,1.0
150000.0,2.938293638,3.671450760041777E-7,150000.0,81.27600000000001,61.86803049656999,61.516538324518386,56.443658695449905,49601.0,107360.0,0.0,0.0,47.0,24.0,24.0,6.0,0.0,0.0,1.0
151000.0,2.954735538,3.70933509167708E-7,151000.0,81.35960264900662,62.05080990950438,61.69173188159238,56.69758926785743,50601.0,107432.0,0.0,0.0,47.0,24.0,24.0,6.0,0.0,0.0,1.0
152000.0,2.97178024,3.7489512404595185E-7,152000.0,81.44802631578948,62.24037967921557,61.880880285498016,56.95137775742312,51601.0,106920.0,0.0,0.0,49.0,25.0,25.0,6.0,0.0,0.0,1.0
153000.0,2.995147405,3.8078595533234995E-7,153000.0,81.53267973856208,62.41967519011832,62.07433457269029,57.17901309408341,52601.0,174608.0,0.0,0.0,69.0,44.0,44.0,6.0,0.0,0.0,1.0
154000.0,3.015499932,3.8601810308332243E-7,154000.0,81.6025974025974,62.572332997280476,62.20938762988355,57.390362750406055,53601.0,185240.0,0.0,0.0,71.0,45.0,45.0,6.0,0.0,0.0,1.0
155000.0,3.03414031,3.908538074280487E-7,155000.0,81.68129032258065,62.740741344457376,62.381091178886564,57.608241266049575,54601.0,186024.0,0.0,0.0,71.0,45.0,45.0,6.0,0.0,0.0,1.0
156000.0,3.05248986,3.9565378814524244E-7,156000.0,81.76025641025642,62.909478968152875,62.553628299950006,57.82530718721747,55601.0,186112.0,0.0,0.0,71.0,45.0,45.0,6.0,0.0,0.0,1.0
157000.0,3.070882219,4.0050699077090037E-7,157000.0,81.85732484076433,63.11305944414042,62.76649978431655,58.07724008006594,56601.0,186664.0,0.0,0.0,71.0,45.0,45.0,6.0,0.0,0.0,1.0
158000.0,3.089386849,4.054296475912423E-7,158000.0,81.94556962025317,63.306066135841675,62.96479019526382,58.34708330291305,57601.0,186704.0,0.0,0.0,71.0,45.0,45.0,6.0,0.0,0.0,1.0
159000.0,3.107714477,4.103445142905041E-7,159000.0,82.02830188679245,63.481748219676305,63.13521602827913,58.57254697286013,58601.0,186712.0,0.0,0.0,71.0,45.0,45.0,6.0,0.0,0.0,1.0
160000.0,3.126121253,4.1532266250363235E-7,160000.0,82.109375,63.65381148059564,63.31304069208586,58.791011041849615,59601.0,187264.0,0.0,0.0,71.0,45.0,45.0,6.0,0.0,0.0,1.0
161000.0,3.144387561,4.203019480716395E-7,161000.0,82.19192546583851,63.82835272554988,63.485271080884885,59.019767591441195,60601.0,187264.0,0.0,0.0,71.0,45.0,45.0,6.0,0.0,0.0,1.0
162000.0,3.162808173,4.2536786224014636E-7,162000.0,82.26975308641975,63.9929811252777,63.650054417980705,59.22692558839394,61601.0,188336.0,0.0,0.0,71.0,45.0,45.0,6.0,0.0,0.0,1.0
163000.0,3.181165266,4.3045574347443456E-7,163000.0,82.35337423312885,64.16857967251953,63.825693265421634,59.445055409863826,62601.0,188360.0,0.0,0.0,71.0,45.0,45.0,6.0,0.0,0.0,1.0
164000.0,3.206086229,4.374195600561362E-7,164000.0,82.4310975609756,64.33097651432098,63.9873512648735,59.642832131101606,63601.0,188872.0,0.0,0.0,71.0,45.0,45.0,6.0,0.0,0.0,1.0
165000.0,3.229029119,4.438797762754869E-7,165000.0,82.50666666666666,64.48980542737891,64.13875360302156,59.84362609385215,64601.0,188872.0,0.0,0.0,71.0,45.0,45.0,6.0,0.0,0.0,1.0
166000.0,3.247550153,4.4913456735235316E-7,166000.0,82.58072289156627,64.6460085436331,64.30035309513814,60.042560835740034,65601.0,188872.0,0.0,0.0,71.0,45.0,45.0,6.0,0.0,0.0,1.0
167000.0,3.265896965,4.543792657433387E-7,167000.0,82.65089820359282,64.7928137826207,64.44201715737412,60.22268596062494,66601.0,188880.0,0.0,0.0,71.0,45.0,45.0,6.0,0.0,0.0,1.0
168000.0,3.285090914,4.5992682848097125E-7,168000.0,82.7297619047619,64.95821056158245,64.61405241910893,60.43257691468469,67601.0,192800.0,0.0,0.0,73.0,46.0,46.0,6.0,0.0,0.0,1.0
169000.0,3.303724675,4.653542087893456E-7,169000.0,82.80118343195267,65.1081576209952,64.76464099113844,60.619978593396475,68601.0,193176.0,0.0,0.0,73.0,46.0,46.0,6.0,0.0,0.0,1.0
170000.0,3.322340275,4.708163289200037E-7,170000.0,82.87,65.25135048525482,64.90853878967536,60.79511032727958,69601.0,193208.0,0.0,0.0,73.0,46.0,46.0,6.0,0.0,0.0,1.0
171000.0,3.34087608,4.762970037165138E-7,171000.0,82.94912280701755,65.41383652780303,65.06805003114965,60.98719509747513,70601.0,193680.0,0.0,0.0,73.0,46.0,46.0,6.0,0.0,0.0,1.0
172000.0,3.359447343,4.818279431736012E-7,172000.0,83.02093023255814,65.56318937950894,65.22836595704149,61.17418702970034,71601.0,193680.0,0.0,0.0,73.0,46.0,46.0,6.0,0.0,0.0,1.0
173000.0,3.379277139,4.877761782943249E-7,173000.0,83.1,65.72729930494052,65.4081874112636,61.37576622278588,72601.0,193680.0,0.0,0.0,73.0,46.0,46.0,6.0,0.0,0.0,1.0
174000.0,3.397963873,4.934251598432618E-7,174000.0,83.17068965517241,65.87486762374726,65.55994636934585,61.55774936329982,73601.0,193688.0,0.0,0.0,73.0,46.0,46.0,6.0,0.0,0.0,1.0
175000.0,3.416810432,4.991628654589586E-7,175000.0,83.24057142857143,66.01881187028378,65.70028535341723,61.731471816283936,74601.0,193696.0,0.0,0.0,73.0,46.0,46.0,6.0,0.0,0.0,1.0
176000.0,3.436100022,5.050994036207927E-7,176000.0,83.31363636363636,66.17306136459698,65.85394212099015,61.92896033186416,75601.0,198208.0,0.0,0.0,75.0,47.0,47.0,7.0,0.0,0.0,1.0
177000.0,3.454659004,5.108522661306128E-7,177000.0,83.38192090395479,66.31492185419123,66.0071651450364,62.10073314349769,76601.0,198504.0,0.0,0.0,75.0,47.0,47.0,7.0,0.0,0.0,1.0
178000.0,3.473252994,5.166561557707023E-7,178000.0,83.45224719101122,66.46130557167534,66.16895422959857,62.281184771612594,77601.0,198576.0,0.0,0.0,75.0,47.0,47.0,7.0,0.0,0.0,1.0
179000.0,3.49171491,5.224584045120907E-7,179000.0,83.51899441340782,66.60187491913933,66.31306095416447,62.46023464739267,78601.0,198584.0,0.0,0.0,75.0,47.0,47.0,7.0,0.0,0.0,1.0
180000.0,3.510361501,5.283587122522024E-7,180000.0,83.59,66.74679886087623,66.45810385746567,62.625265715153354,79601.0,198600.0,0.0,0.0,75.0,47.0,47.0,7.0,0.0,0.0,1.0
181000.0,3.528855829,5.342506084108579E-7,181000.0,83.653591160221,66.87970555768447,66.5944066208267,62.79160431102784,80601.0,198632.0,0.0,0.0,75.0,47.0,47.0,7.0,0.0,0.0,1.0
182000.0,3.553633485,5.422422853988635E-7,182000.0,83.72087912087912,67.01950179828331,66.73776859689696,62.96361113541757,81601.0,205600.0,0.0,0.0,79.0,49.0,49.0,7.0,0.0,0.0,1.0
183000.0,3.572393805,5.483371086639392E-7,183000.0,83.78633879781421,67.15561229713163,66.86581498190914,63.130164647406026,82601.0,206376.0,0.0,0.0,79.0,49.0,49.0,7.0,0.0,0.0,1.0
184000.0,3.591171748,5.544780358544073E-7,184000.0,83.84945652173913,67.28871116260413,66.99834530856108,63.301925238030556,83601.0,206408.0,0.0,0.0,79.0,49.0,49.0,7.0,0.0,0.0,1.0
185000.0,3.610106788,5.607111330579799E-7,185000.0,83.90918918918919,67.41238543617874,67.12716028932694,63.452424800491116,84601.0,206456.0,0.0,0.0,79.0,49.0,49.0,7.0,0.0,0.0,1.0
186000.0,3.628943659,5.669526538915578E-7,186000.0,83.97096774193548,67.54161502725563,67.25751186083289,63.614396075129065,85601.0,206536.0,0.0,0.0,79.0,49.0,49.0,7.0,0.0,0.0,1.0
187000.0,3.647593046,5.731803373562935E-7,187000.0,84.03262032085561,67.66685499791969,67.38752908024509,63.75719175588085,86601.0,208264.0,0.0,0.0,79.0,49.0,49.0,7.0,0.0,0.0,1.0
188000.0,3.666397068,5.79500171368099E-7,188000.0,84.08670212765958,67.7791001695238,67.50165658233486,63.89669945091413,87601.0,208312.0,0.0,0.0,79.0,49.0,49.0,7.0,0.0,0.0,1.0
189000.0,3.685320412,5.859007603367932E-7,189000.0,84.13915343915343,67.88924403078963,67.60188917829389,64.03565601305307,88601.0,208336.0,0.0,0.0,79.0,49.0,49.0,7.0,0.0,0.0,1.0
190000.0,3.705090514,5.92648065461605E-7,190000.0,84.20052631578947,68.01732446212522,67.72289363898327,64.19745724304082,89601.0,211824.0,0.0,0.0,81.0,50.0,50.0,7.0,0.0,0.0,1.0
191000.0,3.724185792,5.992103901214129E-7,191000.0,84.25811518324608,68.13605223103406,67.84209287899206,64.33925563963281,90601.0,212720.0,0.0,0.0,81.0,50.0,50.0,7.0,0.0,0.0,1.0
192000.0,3.74328904,6.05817085378209E-7,192000.0,84.31406249999999,68.25163768625718,67.96131997191549,64.47796754104547,91601.0,212864.0,0.0,0.0,81.0,50.0,50.0,7.0,0.0,0.0,1.0
193000.0,3.762307373,6.124377887238517E-7,193000.0,84.3761658031088,68.38166530094796,68.08357501217213,64.6440840925346,92601.0,213400.0,0.0,0.0,81.0,50.0,50.0,7.0,0.0,0.0,1.0
194000.0,3.78242631,6.194847323282887E-7,194000.0,84.42938144329896,68.49347288951525,68.18976411120471,64.78796073951459,93601.0,213400.0,0.0,0.0,81.0,50.0,50.0,7.0,0.0,0.0,1.0
195000.0,3.801365368,6.261590139977051E-7,195000.0,84.48615384615384,68.61062795080018,68.30824350230994,64.92969012647661,94601.0,213408.0,0.0,0.0,81.0,50.0,50.0,7.0,0.0,0.0,1.0
196000.0,3.821775838,6.334328951818286E-7,196000.0,84.53724489795918,68.71834166663817,68.41935248575031,65.06840631159162,95601.0,220432.0,0.0,0.0,85.0,52.0,52.0,7.0,0.0,0.0,1.0
197000.0,3.841361667,6.404546013489279E-7,197000.0,84.6,68.84846085029011,68.55122942322842,65.22666055361339,96601.0,220376.0,0.0,0.0,87.0,53.0,53.0,7.0,0.0,0.0,1.0
198000.0,3.860964541,6.475461946969392E-7,198000.0,84.65656565656565,68.96551091357429,68.67459941019982,65.37141945264501,97601.0,224656.0,0.0,0.0,87.0,53.0,53.0,7.0,0.0,0.0,1.0
199000.0,3.880213323,6.5455100205445E-7,199000.0,84.71507537688441,69.08668634538256,68.79795658774772,65.52025119874854,98601.0,224672.0,0.0,0.0,87.0,53.0,53.0,7.0,0.0,0.0,1.0
200000.0,3.902756535,6.567000971392911E-7,200000.0,84.7595,69.18102612066848,68.88487372654703,65.65521126760562,1.0,3792.0,1.0,0.0,1.0,1.0,1.0,0.0,0.0,0.0,1.0
201000.0,3.918157836,6.581911918940516E-7,201000.0,84.78606965174129,69.26600090301788,68.8289977982549,65.89375536743958,601.0,4560.0,2.0,0.0,1.0,1.0,1.0,0.0,0.0,0.0,1.0
202000.0,3.932185281,6.595793225677245E-7,202000.0,84.85148514851485,69.43034756542298,68.82132376915551,66.2404430666034,1601.0,4560.0,0.0,0.0,1.0,1.0,1.0,0.0,0.0,0.0,1.0
203000.0,3.945915329,6.609674337087175E-7,203000.0,84.9192118226601,69.59711461678005,68.81595566964106,66.58845100243379,2601.0,4560.0,0.0,0.0,1.0,1.0,1.0,0.0,0.0,0.0,1.0
204000.0,3.960328563,6.62469657982366E-7,204000.0,84.98088235294118,69.749059398207,68.8063773899941,66.91288431010464,3601.0,8336.0,0.0,0.0,3.0,2.0,2.0,1.0,0.0,0.0,1.0
205000.0,3.975508195,6.640996381116345E-7,205000.0,85.04487804878049,69.9031465682762,68.80164448243579,67.23802603175962,4601.0,12224.0,0.0,0.0,5.0,3.0,3.0,2.0,0.0,0.0,1.0
206000.0,3.99051467,6.657551884879396E-7,206000.0,85.11262135922331,70.06266097379121,68.80607034603415,67.56596689757285,5601.0,15296.0,0.0,0.0,7.0,4.0,4.0,2.0,0.0,0.0,1.0
207000.0,4.004630849,6.673479277593991E-7,207000.0,85.17777777777778,70.21563598285918,68.79944680591429,67.88671069570769,6601.0,16712.0,0.0,0.0,7.0,4.0,4.0,2.0,0.0,0.0,1.0
208000.0,4.018534017,6.689464427796106E-7,208000.0,85.23701923076923,70.3541768738123,68.78925863435855,68.18553859861788,7601.0,16720.0,0.0,0.0,7.0,4.0,4.0,2.0,0.0,0.0,1.0
209000.0,4.032455131,6.705768407487348E-7,209000.0,85.30095693779904,70.50058944257657,68.78645018390198,68.49095888162957,8601.0,16720.0,0.0,0.0,7.0,4.0,4.0,2.0,0.0,0.0,1.0
210000.0,4.046360086,6.722351312221066E-7,210000.0,85.36571428571429,70.64686858963262,68.78859278518038,68.79302991531104,9601.0,16720.0,0.0,0.0,7.0,4.0,4.0,2.0,0.0,0.0,1.0
211000.0,4.060356239,6.739343361536244E-7,211000.0,85.42890995260663,70.78825900555611,68.78743578810584,69.08714318750818,10601.0,16736.0,0.0,0.0,7.0,4.0,4.0,2.0,0.0,0.0,1.0
212000.0,4.074314525,6.756588719585741E-7,212000.0,85.4877358490566,70.91927195401696,68.78259634312153,69.36603240035446,11601.0,16744.0,0.0,0.0,7.0,4.0,4.0,2.0,0.0,0.0,1.0
213000.0,4.088155286,6.77398621062638E-7,213000.0,85.54788732394366,71.05144068445041,68.77991886409735,69.6444067529189,12601.0,16768.0,0.0,0.0,7.0,4.0,4.0,2.0,0.0,0.0,1.0
214000.0,4.102014611,6.79170390870312E-7,214000.0,85.60981308411215,71.18569800085166,68.77788141779546,69.92440815688727,13601.0,16768.0,0.0,0.0,7.0,4.0,4.0,2.0,0.0,0.0,1.0
215000.0,4.116125863,6.810045938044927E-7,215000.0,85.67209302325581,71.31920173997337,68.77913811975513,70.20043724727688,14601.0,16768.0,0.0,0.0,7.0,4.0,4.0,2.0,0.0,0.0,1.0
216000.0,4.130097079,6.828505215674779E-7,216000.0,85.73333333333333,71.44913053857063,68.78380842399562,70.4683322312624,15601.0,16768.0,0.0,0.0,7.0,4.0,4.0,2.0,0.0,0.0,1.0
217000.0,4.14476617,6.848200769161015E-7,217000.0,85.79539170506912,71.57936600330989,68.79467087813076,70.73272628870384,16601.0,16768.0,0.0,0.0,7.0,4.0,4.0,2.0,0.0,0.0,1.0
218000.0,4.158661295,6.867154791405255E-7,218000.0,85.85642201834862,71.70646603925854,68.79503683912233,70.99544701986754,17601.0,16768.0,0.0,0.0,7.0,4.0,4.0,2.0,0.0,0.0,1.0
219000.0,4.172554313,6.886403533808718E-7,219000.0,85.91643835616438,71.83024667547568,68.79691641543411,71.25133988908048,18601.0,16768.0,0.0,0.0,7.0,4.0,4.0,2.0,0.0,0.0,1.0
220000.0,4.187376882,6.907257672487278E-7,220000.0,85.97590909090908,71.95177036538173,68.79374519561435,71.50470103625985,19601.0,16768.0,0.0,0.0,7.0,4.0,4.0,2.0,0.0,0.0,1.0
221000.0,4.202103194,6.928411606441517E-7,221000.0,86.03122171945702,72.06377181711721,68.79636929670286,71.73994635615486,20601.0,19888.0,0.0,0.0,9.0,5.0,5.0,3.0,0.0,0.0,1.0
222000.0,4.216173152,6.948924673076674E-7,222000.0,86.09099099099099,72.18363178317534,68.79686331575012,71.98689976140147,21601.0,19904.0,0.0,0.0,9.0,5.0,5.0,3.0,0.0,0.0,1.0
223000.0,4.230303369,6.969850201496912E-7,223000.0,86.15022421524664,72.30136792548807,68.80303030303031,72.2272179558657,22601.0,20504.0,0.0,0.0,9.0,5.0,5.0,3.0,0.0,0.0,1.0
224000.0,4.244629139,6.991375450956796E-7,224000.0,86.20580357142858,72.41079593580092,68.80212435128531,72.36225402504472,23601.0,20592.0,0.0,0.0,9.0,5.0,5.0,3.0,0.0,0.0,1.0
225000.0,4.260362843,7.01580551446028E-7,225000.0,86.26222222222222,72.52095780152466,68.80550621669626,72.3583488338818,24601.0,31680.0,0.0,0.0,14.0,9.0,9.0,3.0,0.0,0.0,1.0
226000.0,4.275299723,7.03953591698952E-7,226000.0,86.31592920353982,72.62473320548268,68.80006456689736,72.34849162210976,25601.0,37296.0,0.0,0.0,14.0,9.0,9.0,3.0,0.0,0.0,1.0
227000.0,4.296436191,7.077315556543626E-7,227000.0,86.36916299559472,72.72663649495314,68.79336775859288,72.33789570612478,26601.0,105728.0,0.0,0.0,34.0,28.0,28.0,4.0,0.0,0.0,1.0
228000.0,4.313621667,7.10840694465196E-7,228000.0,86.42324561403508,72.82939805520215,68.79158769205951,72.33072625698323,27601.0,105856.0,0.0,0.0,34.0,28.0,28.0,4.0,0.0,0.0,1.0
229000.0,4.331911447,7.141889112938171E-7,229000.0,86.47423580786027,72.92523644508879,68.78690771308221,72.31968114102898,28601.0,105880.0,0.0,0.0,34.0,28.0,28.0,4.0,0.0,0.0,1.0
230000.0,4.350089643,7.175584987151101E-7,230000.0,86.52478260869565,73.0193525311305,68.7828609415604,72.30888817411815,29601.0,106488.0,0.0,0.0,34.0,28.0,28.0,4.0,0.0,0.0,1.0
231000.0,4.367142096,7.207561524651051E-7,231000.0,86.57359307359307,73.10932732138834,68.77579784556528,72.29591517717571,30601.0,106536.0,0.0,0.0,34.0,28.0,28.0,4.0,0.0,0.0,1.0
232000.0,4.383851953,7.239253908569423E-7,232000.0,86.62629310344828,73.20623658435346,68.77503371374513,72.28965159999642,31601.0,106544.0,0.0,0.0,34.0,28.0,28.0,4.0,0.0,0.0,1.0
233000.0,4.400455159,7.271099662839803E-7,233000.0,86.67725321888412,73.2989099670516,68.77125208748315,72.28071115397323,32601.0,106544.0,0.0,0.0,34.0,28.0,28.0,4.0,0.0,0.0,1.0
234000.0,4.417187321,7.303551170896259E-7,234000.0,86.73076923076923,73.39597057563633,68.77011586739621,72.27653818337664,33601.0,106544.0,0.0,0.0,34.0,28.0,28.0,4.0,0.0,0.0,1.0
235000.0,4.433683475,7.335898303307486E-7,235000.0,86.78170212765957,73.48752172392803,68.77274463678951,72.27136799821469,34601.0,106544.0,0.0,0.0,34.0,28.0,28.0,4.0,0.0,0.0,1.0
236000.0,4.450045841,7.368333580995741E-7,236000.0,86.83305084745763,73.57929156561418,68.7786351579455,72.26823260628993,35601.0,106544.0,0.0,0.0,34.0,28.0,28.0,4.0,0.0,0.0,1.0
237000.0,4.466465611,7.401234369549835E-7,237000.0,86.88396624472574,73.66945535430635,68.78075725620167,72.26386137730428,36601.0,106544.0,0.0,0.0,34.0,28.0,28.0,4.0,0.0,0.0,1.0
238000.0,4.483655613,7.43619115294791E-7,238000.0,86.9361344537815,73.7615112102816,68.78689314540416,72.26281279272045,37601.0,109768.0,0.0,0.0,36.0,29.0,29.0,4.0,0.0,0.0,1.0
239000.0,4.500961418,7.471948249270267E-7,239000.0,86.98786610878662,73.85213711396727,68.79239754345122,72.26151719216877,38601.0,114080.0,0.0,0.0,38.0,30.0,30.0,4.0,0.0,0.0,1.0
240000.0,4.517666737,7.506879853720298E-7,240000.0,87.035,73.93324293126865,68.79224921268529,72.25303632894008,39601.0,115408.0,0.0,0.0,38.0,30.0,30.0,4.0,0.0,0.0,1.0
241000.0,4.539521135,7.553049267690999E-7,241000.0,87.08547717842323,74.02023441681882,68.79486665329857,72.25010921994667,40601.0,115456.0,0.0,0.0,38.0,30.0,30.0,4.0,0.0,0.0,1.0
242000.0,4.561777048,7.600546413454991E-7,242000.0,87.13388429752065,74.1024652302415,68.79159650388902,72.24312229215326,41601.0,115504.0,0.0,0.0,38.0,30.0,30.0,4.0,0.0,0.0,1.0
243000.0,4.578394274,7.63636578209015E-7,243000.0,87.1843621399177,74.18851839152771,68.7962165086872,72.24198019448976,42601.0,115504.0,0.0,0.0,38.0,30.0,30.0,4.0,0.0,0.0,1.0
244000.0,4.594970062,7.672452261318885E-7,244000.0,87.23360655737706,74.27156517854083,68.79820502033377,72.2388086304776,43601.0,115536.0,0.0,0.0,38.0,30.0,30.0,4.0,0.0,0.0,1.0
245000.0,4.611545748,7.708894605784488E-7,245000.0,87.28408163265307,74.35676805177796,68.80544708120559,72.23969703720205,44601.0,115560.0,0.0,0.0,38.0,30.0,30.0,4.0,0.0,0.0,1.0
246000.0,4.62813811,7.745731088867781E-7,246000.0,87.33089430894309,74.43432495678096,68.80530087680665,72.23395251458862,45601.0,115608.0,0.0,0.0,38.0,30.0,30.0,4.0,0.0,0.0,1.0
247000.0,4.644707512,7.782871865217509E-7,247000.0,87.38056680161944,74.51698667900575,68.81003842459174,72.2340994120791,46601.0,115616.0,0.0,0.0,38.0,30.0,30.0,4.0,0.0,0.0,1.0
248000.0,4.661344726,7.820576456435519E-7,248000.0,87.42822580645161,74.59529142018836,68.8145154837161,72.23192019950125,47601.0,116904.0,0.0,0.0,38.0,30.0,30.0,4.0,0.0,0.0,1.0
249000.0,4.678180675,7.859092069964977E-7,249000.0,87.47349397590362,74.66849399664393,68.81336612874198,72.2250420751743,48601.0,116904.0,0.0,0.0,38.0,30.0,30.0,4.0,0.0,0.0,1.0
250000.0,4.695273262,7.89856163232258E-7,250000.0,87.5196,74.74311043665777,68.81646278084273,72.2213319088319,49601.0,116920.0,0.0,0.0,38.0,30.0,30.0,4.0,0.0,0.0,1.0
251000.0,4.712036724,7.937630618865972E-7,251000.0,87.56812749003984,74.82232699173174,68.82717282717282,72.2241014046394,50601.0,116928.0,0.0,0.0,38.0,30.0,30.0,4.0,0.0,0.0,1.0
252000.0,4.72947685,7.978817331915242E-7,252000.0,87.6138888888889,74.89539736454401,68.82814684616308,72.22004663664359,51601.0,120608.0,0.0,0.0,40.0,31.0,31.0,4.0,0.0,0.0,1.0
253000.0,4.746297822,8.018904247958769E-7,253000.0,87.6592885375494,74.9676662945826,68.83223191646535,72.21747641929169,52601.0,120656.0,0.0,0.0,40.0,31.0,31.0,4.0,0.0,0.0,1.0
254000.0,4.763073287,8.059245176116974E-7,254000.0,87.70511811023623,75.04027445914163,68.83457746197757,72.2149561813248,53601.0,120728.0,0.0,0.0,40.0,31.0,31.0,4.0,0.0,0.0,1.0
255000.0,4.787204495,8.117794281382711E-7,255000.0,87.74941176470588,75.11006623110129,68.84263230336519,72.21372280433353,54601.0,120768.0,0.0,0.0,40.0,31.0,31.0,4.0,0.0,0.0,1.0
256000.0,4.803975253,8.158868742411518E-7,256000.0,87.791796875,75.17521699050829,68.84047856430709,72.20596736182134,55601.0,121336.0,0.0,0.0,40.0,31.0,31.0,4.0,0.0,0.0,1.0
257000.0,4.82091891,8.200752746979102E-7,257000.0,87.83657587548637,75.24551349728776,68.85027004404408,72.20641581904829,56601.0,121864.0,0.0,0.0,40.0,31.0,31.0,4.0,0.0,0.0,1.0
258000.0,4.838002963,8.243349752106887E-7,258000.0,87.88062015503876,75.31360072385216,68.85409195951868,72.20424563524517,57601.0,121864.0,0.0,0.0,40.0,31.0,31.0,4.0,0.0,0.0,1.0
259000.0,4.854980104,8.286043842663054E-7,259000.0,87.92509652509652,75.38228948421136,68.85990241959574,72.20385381114903,58601.0,121864.0,0.0,0.0,40.0,31.0,31.0,4.0,0.0,0.0,1.0
260000.0,4.871800044,8.328702894529221E-7,260000.0,87.97,75.45141010085474,68.8646001313982,72.203757353856,59601.0,121864.0,0.0,0.0,40.0,31.0,31.0,4.0,0.0,0.0,1.0
261000.0,4.888583911,8.371629974833625E-7,261000.0,88.01417624521073,75.51891939098817,68.86830006170014,72.2032663361234,60601.0,121864.0,0.0,0.0,40.0,31.0,31.0,4.0,0.0,0.0,1.0
262000.0,4.905454721,8.415140803807143E-7,262000.0,88.0587786259542,75.58721118017675,68.87584560286511,72.2047992608321,61601.0,121864.0,0.0,0.0,40.0,31.0,31.0,4.0,0.0,0.0,1.0
263000.0,4.922318927,8.459021317679349E-7,263000.0,88.10114068441065,75.65105434753553,68.88274600270464,72.20361866356377,62601.0,122448.0,0.0,0.0,40.0,31.0,31.0,4.0,0.0,0.0,1.0
264000.0,4.939633025,8.504443321767736E-7,264000.0,88.14318181818182,75.71395644233105,68.88902140855149,72.20219171269736,63601.0,122448.0,0.0,0.0,40.0,31.0,31.0,4.0,0.0,0.0,1.0
265000.0,4.956504928,8.549093905821729E-7,265000.0,88.18452830188679,75.77518269732444,68.89367958830891,72.199630642469,64601.0,123072.0,0.0,0.0,40.0,31.0,31.0,4.0,0.0,0.0,1.0
266000.0,4.973305828,8.593916466575402E-7,266000.0,88.22481203007519,75.83412751352434,68.89696536383858,72.19554198364861,65601.0,123072.0,0.0,0.0,40.0,31.0,31.0,4.0,0.0,0.0,1.0
267000.0,4.990139739,8.63918803410122E-7,267000.0,88.26554307116105,75.89395664196543,68.90223325062034,72.19347681384512,66601.0,123080.0,0.0,0.0,40.0,31.0,31.0,4.0,0.0,0.0,1.0
268000.0,5.006994128,8.684900118707345E-7,268000.0,88.30522388059701,75.95136051101727,68.90366107748784,72.1886507830871,67601.0,123640.0,0.0,0.0,40.0,31.0,31.0,4.0,0.0,0.0,1.0
269000.0,5.02380567,8.730859236340615E-7,269000.0,88.3460966542751,76.01102447170062,68.90967153284672,72.18762198800526,68601.0,123712.0,0.0,0.0,40.0,31.0,31.0,4.0,0.0,0.0,1.0
270000.0,5.040590612,8.777105175824564E-7,270000.0,88.38666666666667,76.06974751258473,68.91259517766498,72.18535996877551,69601.0,123712.0,0.0,0.0,40.0,31.0,31.0,4.0,0.0,0.0,1.0
271000.0,5.05739678,8.823769592432778E-7,271000.0,88.42546125461254,76.1248166612715,68.91340112188064,72.18029108389283,70601.0,123712.0,0.0,0.0,40.0,31.0,31.0,4.0,0.0,0.0,1.0
272000.0,5.074268188,8.870976548650795E-7,272000.0,88.46507352941177,76.1815546732987,68.91841020763988,72.17837761146384,71601.0,123712.0,0.0,0.0,40.0,31.0,31.0,4.0,0.0,0.0,1.0
273000.0,5.091102448,8.918468032229875E-7,273000.0,88.5047619047619,76.23831816061337,68.92502079454987,72.17759809918968,72601.0,124352.0,0.0,0.0,40.0,31.0,31.0,4.0,0.0,0.0,1.0
274000.0,5.108000171,8.96650050891832E-7,274000.0,88.54379562043796,76.29346414792718,68.92817548305355,72.1749459277382,73601.0,124352.0,0.0,0.0,40.0,31.0,31.0,4.0,0.0,0.0,1.0
275000.0,5.124888109,9.014867267564846E-7,275000.0,88.58218181818181,76.34780812062218,68.93710057181298,72.17412110846234,74601.0,124360.0,0.0,0.0,40.0,31.0,31.0,4.0,0.0,0.0,1.0
276000.0,5.141720746,9.063436207257001E-7,276000.0,88.62065217391304,76.40181433238746,68.9427051401222,72.17245687249142,75601.0,124360.0,0.0,0.0,40.0,31.0,31.0,4.0,0.0,0.0,1.0
277000.0,5.158664403,9.11268842461562E-7,277000.0,88.65992779783394,76.45683719706506,68.9451309935739,72.17098560354374,76601.0,124360.0,0.0,0.0,40.0,31.0,31.0,4.0,0.0,0.0,1.0
278000.0,5.175823351,9.162934006733919E-7,278000.0,88.69820143884893,76.51065829227576,68.95478439587369,72.17144071849924,77601.0,124360.0,0.0,0.0,40.0,31.0,31.0,4.0,0.0,0.0,1.0
279000.0,5.201705971,9.239279043373441E-7,279000.0,88.73584229390681,76.5629948780344,68.96037452591656,72.16977790372286,78601.0,124360.0,0.0,0.0,40.0,31.0,31.0,4.0,0.0,0.0,1.0
280000.0,5.219494907,9.292131476843994E-7,280000.0,88.77357142857143,76.61487810819662,68.9638830196876,72.16776901213908,79601.0,124360.0,0.0,0.0,40.0,31.0,31.0,4.0,0.0,0.0,1.0
281000.0,5.236371532,9.342636258669773E-7,281000.0,88.81067615658364,76.66529474519723,68.96517687934303,72.16438259145154,80601.0,124392.0,0.0,0.0,40.0,31.0,31.0,4.0,0.0,0.0,1.0
282000.0,5.253212998,9.393396575363556E-7,282000.0,88.84751773049645,76.71559654762937,68.96891958559446,72.1622291460133,81601.0,124392.0,0.0,0.0,40.0,31.0,31.0,4.0,0.0,0.0,1.0
283000.0,5.27007827,9.444615035946745E-7,283000.0,88.88480565371026,76.7661534229928,68.97157174140347,72.16036817417472,82601.0,124968.0,0.0,0.0,40.0,31.0,31.0,4.0,0.0,0.0,1.0
284000.0,5.286957318,9.49623688940662E-7,284000.0,88.92288732394367,76.81878874422127,68.97962805924233,72.16214781254426,83601.0,124968.0,0.0,0.0,40.0,31.0,31.0,4.0,0.0,0.0,1.0
285000.0,5.304293836,9.549629196764731E-7,285000.0,88.96070175438597,76.87141721649891,68.99195773870534,72.16589698674734,84601.0,124968.0,0.0,0.0,40.0,31.0,31.0,4.0,0.0,0.0,1.0
286000.0,5.330247809,9.630117138678286E-7,286000.0,88.99510489510489,76.91574984465684,68.98807764311753,72.15848275496033,85601.0,124968.0,0.0,0.0,40.0,31.0,31.0,4.0,0.0,0.0,1.0
287000.0,5.347957534,9.685417533336597E-7,287000.0,89.02926829268293,76.95997449209716,68.9866435522635,72.15205547300644,86601.0,124968.0,0.0,0.0,40.0,31.0,31.0,4.0,0.0,0.0,1.0
288000.0,5.365681726,9.74128362150045E-7,288000.0,89.06458333333333,77.0065878333159,68.98792760501803,72.14892111779272,87601.0,128016.0,0.0,0.0,42.0,32.0,32.0,5.0,0.0,0.0,1.0
289000.0,5.382733605,9.795475615823141E-7,289000.0,89.09792387543253,77.04928790460136,68.9873417721519,72.14235190097259,88601.0,129824.0,0.0,0.0,42.0,32.0,32.0,5.0,0.0,0.0,1.0
290000.0,5.399861267,9.850281006811515E-7,290000.0,89.13310344827586,77.0955448038208,68.99082929901208,72.14035025681375,89601.0,129952.0,0.0,0.0,42.0,32.0,32.0,5.0,0.0,0.0,1.0
291000.0,5.417152932,9.905984077252156E-7,291000.0,89.16563573883161,77.13654537771829,68.98925915725695,72.13314713005357,90601.0,130008.0,0.0,0.0,42.0,32.0,32.0,5.0,0.0,0.0,1.0
292000.0,5.4345437,9.962381073445287E-7,292000.0,89.19965753424658,77.1804172495377,68.99199653904392,72.13011894872658,91601.0,130056.0,0.0,0.0,42.0,32.0,32.0,5.0,0.0,0.0,1.0
293000.0,5.45189237,1.0019013523718548E-6,293000.0,89.23447098976109,77.22591533871388,68.99524258866086,72.1290037552463,92601.0,130064.0,0.0,0.0,42.0,32.0,32.0,5.0,0.0,0.0,1.0
294000.0,5.468994187,1.0075206482946623E-6,294000.0,89.27006802721088,77.27257295331886,68.99838830142694,72.12881565578476,93601.0,130064.0,0.0,0.0,42.0,32.0,32.0,5.0,0.0,0.0,1.0
295000.0,5.485987684,1.013140788505698E-6,295000.0,89.30406779661017,77.31725675447609,69.01039108998407,72.1302642736009,94601.0,130072.0,0.0,0.0,42.0,32.0,32.0,5.0,0.0,0.0,1.0
296000.0,5.503068514,1.0188263996019089E-6,296000.0,89.33783783783784,77.3603741909119,69.01325478645067,72.12802034760493,95601.0,130072.0,0.0,0.0,42.0,32.0,32.0,5.0,0.0,0.0,1.0
297000.0,5.520298057,1.0245984184596438E-6,297000.0,89.37205387205387,77.40413032889026,69.01443015608127,72.12606630048921,96601.0,130072.0,0.0,0.0,42.0,32.0,32.0,5.0,0.0,0.0,1.0
298000.0,5.537411784,1.0303682964582885E-6,298000.0,89.40570469798658,77.4476068215927,69.02070454322441,72.12593697853667,97601.0,130072.0,0.0,0.0,42.0,32.0,32.0,5.0,0.0,0.0,1.0
299000.0,5.554500034,1.036166400852309E-6,299000.0,89.43879598662208,77.49019957261855,69.03024596916559,72.12640127107423,98601.0,130120.0,0.0,0.0,42.0,32.0,32.0,5.0,0.0,0.0,1.0
300000.0,5.57890128,1.03849287900066E-6,300000.0,89.45766666666667,77.50395602823764,69.01895479257483,72.09891137498457,1.0,3832.0,1.0,0.0,1.0,1.0,1.0,0.0,0.0,0.0,1.0
301000.0,5.594708505,1.0400419538635884E-6,301000.0,89.41694352159469,77.42394663983333,68.94346355207612,72.01897316526856,601.0,9104.0,2.0,0.0,3.0,2.0,2.0,1.0,0.0,0.0,1.0
302000.0,5.609129933,1.041486114833326E-6,302000.0,89.41788079470199,77.43734472506111,68.99087909955367,72.05491430570129,1601.0,9104.0,0.0,0.0,3.0,2.0,2.0,1.0,0.0,0.0,1.0
303000.0,5.624209431,1.0430458590105962E-6,303000.0,89.41947194719472,77.45318277951841,69.04755008447984,72.09567495582692,2601.0,13536.0,0.0,0.0,5.0,3.0,3.0,2.0,0.0,0.0,1.0
304000.0,5.638473375,1.0445521547747942E-6,304000.0,89.42072368421053,77.46701735490409,69.10299641659701,72.13181518838168,3601.0,13632.0,0.0,0.0,5.0,3.0,3.0,2.0,0.0,0.0,1.0
305000.0,5.653448412,1.0461833169503863E-6,305000.0,89.42295081967214,77.48138292849993,69.15398148856423,72.16758118507782,4601.0,18176.0,0.0,0.0,7.0,4.0,4.0,3.0,0.0,0.0,1.0
306000.0,5.667745479,1.0477712854660096E-6,306000.0,89.42483660130719,77.49586488255792,69.20822509586748,72.20384988704592,5601.0,18184.0,0.0,0.0,7.0,4.0,4.0,3.0,0.0,0.0,1.0
307000.0,5.682168697,1.049404160651544E-6,307000.0,89.4312703583062,77.5208074230796,69.27607594337391,72.25367288648687,6601.0,18184.0,0.0,0.0,7.0,4.0,4.0,3.0,0.0,0.0,1.0
308000.0,5.697149085,1.0511498125339755E-6,308000.0,89.43474025974027,77.53876372190788,69.33334589867312,72.29633665642214,7601.0,22704.0,0.0,0.0,9.0,5.0,5.0,3.0,0.0,0.0,1.0
309000.0,5.711629312,1.0528682283017723E-6,309000.0,89.43527508090615,77.55061630231604,69.38220425619718,72.33122854600161,8601.0,22712.0,0.0,0.0,9.0,5.0,5.0,3.0,0.0,0.0,1.0
310000.0,5.726856515,1.0547258075811156E-6,310000.0,89.43709677419355,77.56521089282181,69.43319082202267,72.36732179475278,9601.0,27232.0,0.0,0.0,11.0,6.0,6.0,3.0,0.0,0.0,1.0
311000.0,5.741653045,1.0565626659790654E-6,311000.0,89.44469453376206,77.59238594279594,69.49560466110357,72.41961637666671,10601.0,27264.0,0.0,0.0,11.0,6.0,6.0,3.0,0.0,0.0,1.0
312000.0,5.757794592,1.058635614681664E-6,312000.0,89.45641025641025,77.62566132725198,69.57426539276167,72.4770335168421,11601.0,35488.0,0.0,0.0,15.0,8.0,8.0,3.0,0.0,0.0,1.0
313000.0,5.772495609,1.060557763996296E-6,313000.0,89.46325878594249,77.65287031416362,69.63559025539986,72.5331467785995,12601.0,36200.0,0.0,0.0,15.0,8.0,8.0,3.0,0.0,0.0,1.0
314000.0,5.788097895,1.0626468030934636E-6,314000.0,89.47261146496815,77.68294110917668,69.7056343707614,72.59015414721516,13601.0,40048.0,0.0,0.0,17.0,9.0,9.0,4.0,0.0,0.0,1.0
315000.0,5.803140071,1.0646932550626103E-6,315000.0,89.4863492063492,77.7199549552243,69.7833981131731,72.64941736107096,14601.0,40096.0,0.0,0.0,17.0,9.0,9.0,4.0,0.0,0.0,1.0
316000.0,5.817965992,1.0667445905582668E-6,316000.0,89.49905063291139,77.7572573361766,69.856107265493,72.7151631762007,15601.0,40760.0,0.0,0.0,17.0,9.0,9.0,4.0,0.0,0.0,1.0
317000.0,5.833507722,1.0689462699833117E-6,317000.0,89.51009463722399,77.78988770370907,69.92638280939119,72.77178674658349,16601.0,45216.0,0.0,0.0,19.0,10.0,10.0,4.0,0.0,0.0,1.0
318000.0,5.848344544,1.071080209284472E-6,318000.0,89.51949685534592,77.81625495223278,69.98207643185893,72.81499547297243,17601.0,45304.0,0.0,0.0,19.0,10.0,10.0,4.0,0.0,0.0,1.0
319000.0,5.863232853,1.0732534760141825E-6,319000.0,89.52633228840125,77.84040730128056,70.04169468728985,72.8599743310643,18601.0,45312.0,0.0,0.0,19.0,10.0,10.0,4.0,0.0,0.0,1.0
320000.0,5.878774443,1.0755687422578612E-6,320000.0,89.5340625,77.86740075061547,70.09598642796554,72.91161150473972,19601.0,48608.0,0.0,0.0,21.0,11.0,11.0,4.0,0.0,0.0,1.0
321000.0,5.893761687,1.0778337777552088E-6,321000.0,89.5442367601246,77.89984624236031,70.16834358445621,72.97273356847207,20601.0,48672.0,0.0,0.0,21.0,11.0,11.0,4.0,0.0,0.0,1.0
322000.0,5.908683351,1.080123088419942E-6,322000.0,89.55590062111801,77.93149766013316,70.23920142299626,73.02348713341462,21601.0,49248.0,0.0,0.0,21.0,11.0,11.0,4.0,0.0,0.0,1.0
323000.0,5.923718018,1.0824619411113481E-6,323000.0,89.57182662538699,77.97268735755569,70.32988328561991,73.08955235804964,22601.0,49248.0,0.0,0.0,21.0,11.0,11.0,4.0,0.0,0.0,1.0
324000.0,5.93949892,1.0849692028046932E-6,324000.0,89.57962962962964,77.99860009204178,70.3958963567013,73.14017040979499,23601.0,53760.0,0.0,0.0,23.0,12.0,12.0,4.0,0.0,0.0,1.0
325000.0,5.954729033,1.0874218941653162E-6,325000.0,89.59138461538461,78.03139934419345,70.46466551417046,73.19641541277426,24601.0,53840.0,0.0,0.0,23.0,12.0,12.0,4.0,0.0,0.0,1.0
326000.0,5.970193557,1.0899451412001474E-6,326000.0,89.6042944785276,78.06587410407062,70.5342781376342,73.25135361252741,25601.0,53752.0,0.0,0.0,25.0,13.0,13.0,4.0,0.0,0.0,1.0
327000.0,5.985645843,1.0925172078808247E-6,327000.0,89.61773700305811,78.10125407943063,70.61369341296634,73.3068104980108,26601.0,58168.0,0.0,0.0,25.0,13.0,13.0,4.0,0.0,0.0,1.0
328000.0,6.001094636,1.0951209857835242E-6,328000.0,89.62987804878048,78.13515169195972,70.69047229235423,73.36413469068128,27601.0,57992.0,0.0,0.0,30.0,17.0,17.0,5.0,0.0,0.0,1.0
329000.0,6.01754489,1.0979979019873956E-6,329000.0,89.64285714285715,78.1715715336134,70.7658782247617,73.42706968619378,28601.0,74168.0,0.0,0.0,30.0,17.0,17.0,5.0,0.0,0.0,1.0
330000.0,6.033900534,1.100912431818623E-6,330000.0,89.65363636363637,78.20301445357902,70.82717431239695,73.48281271843304,29601.0,78664.0,0.0,0.0,32.0,18.0,18.0,5.0,0.0,0.0,1.0
331000.0,6.049485849,1.1037263656399871E-6,331000.0,89.66374622356496,78.23201178782485,70.88255319148936,73.53430337348092,30601.0,79480.0,0.0,0.0,32.0,18.0,18.0,5.0,0.0,0.0,1.0
332000.0,6.065768898,1.1067181053854934E-6,332000.0,89.67530120481928,78.26422232759651,70.9567545583949,73.58822033702411,31601.0,83480.0,0.0,0.0,34.0,19.0,19.0,5.0,0.0,0.0,1.0
333000.0,6.081531807,1.1096530668019292E-6,333000.0,89.68858858858859,78.29962366071034,71.02974056106308,73.64632021674228,32601.0,84712.0,0.0,0.0,34.0,19.0,19.0,5.0,0.0,0.0,1.0
334000.0,6.10456952,1.11443650841347E-6,334000.0,89.69670658682635,78.32336906638125,71.09050127271352,73.689964678359,33601.0,159192.0,0.0,0.0,56.0,39.0,39.0,5.0,0.0,0.0,1.0
335000.0,6.123131639,1.118332571033088E-6,335000.0,89.70776119402986,78.35494657399693,71.15717619896105,73.74448869563895,34601.0,159640.0,0.0,0.0,56.0,39.0,39.0,5.0,0.0,0.0,1.0
336000.0,6.141130591,1.1221493929948053E-6,336000.0,89.72113095238096,78.3908707452862,71.2270792198812,73.80345575630699,35601.0,159728.0,0.0,0.0,56.0,39.0,39.0,5.0,0.0,0.0,1.0
337000.0,6.159178668,1.1260157776250975E-6,337000.0,89.73620178041543,78.4309772147864,71.29853210856919,73.86846976164392,36601.0,159832.0,0.0,0.0,56.0,39.0,39.0,5.0,0.0,0.0,1.0
338000.0,6.177168812,1.1299083987851809E-6,338000.0,89.75059171597634,78.47030066132217,71.37060452047437,73.93381689038705,37601.0,159856.0,0.0,0.0,56.0,39.0,39.0,5.0,0.0,0.0,1.0
339000.0,6.195246305,1.1338586802644836E-6,339000.0,89.76106194690266,78.4998337101684,71.43186363673775,73.98226506457586,38601.0,159864.0,0.0,0.0,56.0,39.0,39.0,5.0,0.0,0.0,1.0
340000.0,6.213163376,1.1378122855546134E-6,340000.0,89.77794117647059,78.54354215191137,71.50972628679635,74.05045806485332,39601.0,159864.0,0.0,0.0,56.0,39.0,39.0,5.0,0.0,0.0,1.0
341000.0,6.231918847,1.142015250971741E-6,341000.0,89.78533724340177,78.56637735668072,71.56060680285441,74.09065889108734,40601.0,164824.0,0.0,0.0,58.0,40.0,40.0,5.0,0.0,0.0,1.0
342000.0,6.25005558,1.146099868592131E-6,342000.0,89.79444444444444,78.5924329773528,71.62634539719703,74.13366336633663,41601.0,160880.0,0.0,0.0,60.0,41.0,41.0,5.0,0.0,0.0,1.0
343000.0,6.269443574,1.1505698496606692E-6,343000.0,89.79766763848397,78.60696658286824,71.66913592240871,74.16406417270225,42601.0,173192.0,0.0,0.0,62.0,42.0,42.0,5.0,0.0,0.0,1.0
344000.0,6.293035787,1.1563962276801213E-6,344000.0,89.80436046511629,78.62964209447557,71.71600687080154,74.20704667632504,43601.0,228304.0,0.0,0.0,82.0,61.0,61.0,5.0,0.0,0.0,1.0
345000.0,6.315422644,1.162057345440383E-6,345000.0,89.81681159420289,78.66235328112474,71.78129944818834,74.25925383195099,44601.0,242824.0,0.0,0.0,82.0,61.0,61.0,5.0,0.0,0.0,1.0
346000.0,6.336333831,1.1673906556793131E-6,346000.0,89.82341040462428,78.68490768410771,71.83074929198868,74.30191653651346,45601.0,242928.0,0.0,0.0,82.0,61.0,61.0,5.0,0.0,0.0,1.0
347000.0,6.356804582,1.172655653242375E-6,347000.0,89.83746397694524,78.7198732941119,71.9018668876441,74.35382758068972,46601.0,242960.0,0.0,0.0,82.0,61.0,61.0,5.0,0.0,0.0,1.0
348000.0,6.377082002,1.1779144458401755E-6,348000.0,89.84827586206896,78.74861528708024,71.95634054375867,74.40055650964108,47601.0,242976.0,0.0,0.0,82.0,61.0,61.0,5.0,0.0,0.0,1.0
349000.0,6.397361357,1.1832173054046735E-6,349000.0,89.85530085959886,78.77039932585852,72.00787463828846,74.43977591036413,48601.0,243000.0,0.0,0.0,82.0,61.0,61.0,5.0,0.0,0.0,1.0
350000.0,6.419396119,1.1891192349406346E-6,350000.0,89.86257142857143,78.79270410684924,72.0584645188726,74.48089357509151,49601.0,259248.0,0.0,0.0,87.0,65.0,65.0,5.0,0.0,0.0,1.0
351000.0,6.441299027,1.1950867986347044E-6,351000.0,89.87378917378918,78.8203932313432,72.11679519263205,74.52333849417971,50601.0,268776.0,0.0,0.0,92.0,69.0,69.0,6.0,0.0,0.0,1.0
352000.0,6.462995017,1.2010938075974516E-6,352000.0,89.8846590909091,78.84901305565033,72.17302958071197,74.57023075769371,51601.0,277536.0,0.0,0.0,92.0,69.0,69.0,6.0,0.0,0.0,1.0
353000.0,6.483880957,1.2069323408435964E-6,353000.0,89.89546742209632,78.87810411342953,72.23878273728451,74.61750850376444,52601.0,279584.0,0.0,0.0,92.0,69.0,69.0,6.0,0.0,0.0,1.0
354000.0,6.504759907,1.2128147671564105E-6,354000.0,89.904802259887,78.90288692884207,72.28701707585651,74.65838421228044,53601.0,279792.0,0.0,0.0,92.0,69.0,69.0,6.0,0.0,0.0,1.0
355000.0,6.525580203,1.21872608496984E-6,355000.0,89.91267605633803,78.9258175051035,72.33766434409134,74.69991027334835,54601.0,279944.0,0.0,0.0,92.0,69.0,69.0,6.0,0.0,0.0,1.0
356000.0,6.547134091,1.2249087606891012E-6,356000.0,89.92106741573033,78.94869013951306,72.39158536210027,74.7391616564115,55601.0,282952.0,0.0,0.0,94.0,70.0,70.0,6.0,0.0,0.0,1.0
357000.0,6.568012246,1.2309432766793249E-6,357000.0,89.93781512605042,78.98941172099705,72.4744069147306,74.80112799360244,56601.0,283128.0,0.0,0.0,94.0,70.0,70.0,6.0,0.0,0.0,1.0
358000.0,6.588888921,1.2370222564368359E-6,358000.0,89.95,79.01762088283124,72.5416122902214,74.84003608366375,57601.0,283160.0,0.0,0.0,94.0,70.0,70.0,6.0,0.0,0.0,1.0
359000.0,6.609706745,1.2431320529087628E-6,359000.0,89.95988857938718,79.04385732408909,72.59157307215585,74.88398021043828,58601.0,283784.0,0.0,0.0,94.0,70.0,70.0,6.0,0.0,0.0,1.0
360000.0,6.631348024,1.249549274259737E-6,360000.0,89.97027777777777,79.07098053428122,72.64994167462012,74.92917650326343,59601.0,287224.0,0.0,0.0,96.0,71.0,71.0,6.0,0.0,0.0,1.0
361000.0,6.652261599,1.2557984527887298E-6,361000.0,89.98171745152355,79.10056991816428,72.70655356657711,74.97647514668438,60601.0,287768.0,0.0,0.0,96.0,71.0,71.0,6.0,0.0,0.0,1.0
362000.0,6.673212837,1.2621043275070084E-6,362000.0,89.99364640883978,79.13092881585821,72.76548073742143,75.02585458005268,61601.0,287872.0,0.0,0.0,96.0,71.0,71.0,6.0,0.0,0.0,1.0
363000.0,6.69411877,1.2684415641089587E-6,363000.0,90.00633608815427,79.1636103437248,72.82764199629982,75.08002802698284,62601.0,287912.0,0.0,0.0,96.0,71.0,71.0,6.0,0.0,0.0,1.0
364000.0,6.715090224,1.274843887709981E-6,364000.0,90.01346153846154,79.18471210772576,72.8727929433889,75.11994798261524,63601.0,287968.0,0.0,0.0,96.0,71.0,71.0,6.0,0.0,0.0,1.0
365000.0,6.735963849,1.2812611007162365E-6,365000.0,90.02164383561644,79.20742559975864,72.91796793670622,75.16078212061899,64601.0,287976.0,0.0,0.0,96.0,71.0,71.0,6.0,0.0,0.0,1.0
366000.0,6.75689541,1.2877410046838777E-6,366000.0,90.0327868852459,79.23550690919149,72.97517538725951,75.205094917996,65601.0,287984.0,0.0,0.0,96.0,71.0,71.0,6.0,0.0,0.0,1.0
367000.0,6.777942383,1.2943043780030491E-6,367000.0,90.0425068119891,79.26097802483109,73.02707330754922,75.24857088672753,66601.0,288472.0,0.0,0.0,96.0,71.0,71.0,6.0,0.0,0.0,1.0
368000.0,6.798912298,1.3008886396803702E-6,368000.0,90.05407608695653,79.29021748447337,73.08274989704067,75.2959678181401,67601.0,288472.0,0.0,0.0,96.0,71.0,71.0,6.0,0.0,0.0,1.0
369000.0,6.819938635,1.3075356563763316E-6,369000.0,90.06422764227642,79.3162837567394,73.13731380464965,75.33867864878316,68601.0,288472.0,0.0,0.0,96.0,71.0,71.0,6.0,0.0,0.0,1.0
370000.0,6.842704407,1.3148707020305755E-6,370000.0,90.0727027027027,79.33959488874156,73.18494075734236,75.3810372793201,69601.0,303608.0,0.0,0.0,101.0,75.0,75.0,6.0,0.0,0.0,1.0
371000.0,6.864343457,1.3218892530063412E-6,371000.0,90.08598382749327,79.37297256084292,73.24259244440242,75.43429620971781,70601.0,303640.0,0.0,0.0,101.0,75.0,75.0,6.0,0.0,0.0,1.0
372000.0,6.886139325,1.3290024680540417E-6,372000.0,90.09838709677419,79.40415568215451,73.30405287876151,75.4830636519146,71601.0,303120.0,0.0,0.0,103.0,76.0,76.0,6.0,0.0,0.0,1.0
373000.0,6.911199002,1.3374118997283835E-6,373000.0,90.1112600536193,79.43603718446565,73.36650035020327,75.53347439919871,72601.0,330376.0,0.0,0.0,112.0,82.0,82.0,6.0,0.0,0.0,1.0
374000.0,6.933510776,1.344960846229698E-6,374000.0,90.12005347593582,79.4593530125794,73.41731173203648,75.57297829722815,73601.0,332776.0,0.0,0.0,112.0,82.0,82.0,6.0,0.0,0.0,1.0
375000.0,6.95804686,1.3533839820183954E-6,375000.0,90.13493333333334,79.49612250845011,73.4819540518261,75.62961547836284,74601.0,343616.0,0.0,0.0,121.0,88.0,88.0,6.0,0.0,0.0,1.0
376000.0,6.98156411,1.3615954371855632E-6,376000.0,90.14547872340427,79.52254001943679,73.53470565547192,75.67040500078795,75601.0,357984.0,0.0,0.0,121.0,88.0,88.0,6.0,0.0,0.0,1.0
377000.0,7.004512548,1.3696681720004745E-6,377000.0,90.15411140583555,79.54574717525756,73.58473110780595,75.7103220824772,76601.0,359792.0,0.0,0.0,121.0,88.0,88.0,6.0,0.0,0.0,1.0
378000.0,7.027171001,1.3776883230784118E-6,378000.0,90.16481481481482,79.57251695420801,73.64025043073804,75.7545520947462,77601.0,359944.0,0.0,0.0,121.0,88.0,88.0,6.0,0.0,0.0,1.0
379000.0,7.049792453,1.3857448166051835E-6,379000.0,90.1754617414248,79.59846900263233,73.6925772584041,75.79470844438666,78601.0,360112.0,0.0,0.0,121.0,88.0,88.0,6.0,0.0,0.0,1.0
380000.0,7.073311589,1.3941986520325471E-6,380000.0,90.18657894736842,79.62765825848562,73.74372478472404,75.84404311551019,79601.0,364568.0,0.0,0.0,123.0,89.0,89.0,6.0,0.0,0.0,1.0
381000.0,7.096825683,1.4027036225532901E-6,381000.0,90.19343832020998,79.6460392276912,73.7869731155638,75.87647370256066,80601.0,364992.0,0.0,0.0,123.0,89.0,89.0,6.0,0.0,0.0,1.0
382000.0,7.11991101,1.4111036758603566E-6,382000.0,90.20549738219896,79.67571113571486,73.84096931391537,75.92264873387174,81601.0,365112.0,0.0,0.0,123.0,89.0,89.0,6.0,0.0,0.0,1.0
383000.0,7.143395706,1.4197190859375808E-6,383000.0,90.21436031331592,79.69895687645682,73.88168393764329,75.9628273292244,82601.0,368336.0,0.0,0.0,125.0,90.0,90.0,6.0,0.0,0.0,1.0
384000.0,7.16798924,1.428892496252548E-6,384000.0,90.22421874999999,79.72292897686063,73.93197411183021,76.00007671996572,83601.0,383784.0,0.0,0.0,130.0,94.0,94.0,6.0,0.0,0.0,1.0
385000.0,7.191189514,1.4376077270864236E-6,385000.0,90.23506493506494,79.7504367747857,73.98539943950455,76.04513798178934,84601.0,385752.0,0.0,0.0,130.0,94.0,94.0,6.0,0.0,0.0,1.0
386000.0,7.214534548,1.4464287444901628E-6,386000.0,90.2440414507772,79.7730936452618,74.03201004020218,76.08211017040655,85601.0,385984.0,0.0,0.0,130.0,94.0,94.0,6.0,0.0,0.0,1.0
387000.0,7.237738089,1.4552494107125592E-6,387000.0,90.2532299741602,79.79812011512767,74.08201407211962,76.12748882953812,86601.0,386552.0,0.0,0.0,130.0,94.0,94.0,6.0,0.0,0.0,1.0
388000.0,7.261019477,1.4641538761411168E-6,388000.0,90.26082474226804,79.81828035422971,74.12525163993921,76.1621488635575,87601.0,387272.0,0.0,0.0,130.0,94.0,94.0,6.0,0.0,0.0,1.0
389000.0,7.284263804,1.4730940533325941E-6,389000.0,90.27377892030847,79.84904430708401,74.17670545677916,76.20889140413757,88601.0,387288.0,0.0,0.0,130.0,94.0,94.0,6.0,0.0,0.0,1.0
390000.0,7.307623663,1.4821287523072312E-6,390000.0,90.28692307692307,79.88045905590843,74.23271569667781,76.25745068912998,89601.0,387296.0,0.0,0.0,130.0,94.0,94.0,6.0,0.0,0.0,1.0
391000.0,7.331661666,1.491477769065056E-6,391000.0,90.29718670076726,79.90666835996859,74.28001952489424,76.30163598543292,90601.0,387384.0,0.0,0.0,130.0,94.0,94.0,6.0,0.0,0.0,1.0
392000.0,7.356576266,1.501244959611267E-6,392000.0,90.30765306122449,79.93294206437272,74.33132680705596,76.34379144381698,91601.0,391064.0,0.0,0.0,132.0,95.0,95.0,6.0,0.0,0.0,1.0
393000.0,7.380811037,1.5107984536910383E-6,393000.0,90.31857506361322,79.95930006556928,74.37965887129899,76.38500974441091,92601.0,391208.0,0.0,0.0,132.0,95.0,95.0,6.0,0.0,0.0,1.0
394000.0,7.405209847,1.520443830241134E-6,394000.0,90.32944162436549,79.98557355116745,74.42784466905596,76.42480153942296,93601.0,387248.0,0.0,0.0,134.0,96.0,96.0,6.0,0.0,0.0,1.0
395000.0,7.431122325,1.5308177490863903E-6,395000.0,90.34278481012659,80.01762600424294,74.48359822336384,76.47385332700148,94601.0,398328.0,0.0,0.0,136.0,97.0,97.0,6.0,0.0,0.0,1.0
396000.0,7.455446917,1.5406155214144822E-6,396000.0,90.35429292929294,80.0452403661472,74.53499379991734,76.51568715454754,95601.0,399512.0,0.0,0.0,136.0,97.0,97.0,6.0,0.0,0.0,1.0
397000.0,7.48057222,1.5508159456123199E-6,397000.0,90.36574307304785,80.07273253515459,74.58992977817343,76.55740518276986,96601.0,403536.0,0.0,0.0,138.0,98.0,98.0,6.0,0.0,0.0,1.0
398000.0,7.505141615,1.5608457505166752E-6,398000.0,90.37788944723619,80.10228328689337,74.6431125354239,76.60369981183256,97601.0,403920.0,0.0,0.0,138.0,98.0,98.0,6.0,0.0,0.0,1.0
399000.0,7.530172763,1.5711157030492249E-6,399000.0,90.3907268170426,80.13245061494713,74.69708568713374,76.64867959462094,98601.0,403608.0,0.0,0.0,140.0,99.0,99.0,6.0,0.0,0.0,1.0
400000.0,7.555828626,1.573560896981954E-6,400000.0,90.39175,80.13767562620203,74.71679494770082,76.65960173202238,1.0,3696.0,1.0,0.0,1.0,1.0,1.0,0.0,0.0,0.0,1.0
401000.0,7.570461615,1.5749775764380204E-6,401000.0,90.39825436408978,80.13763021995159,74.68773009361524,76.62645921483164,601.0,4552.0,1.0,0.0,1.0,1.0,1.0,0.0,0.0,0.0,1.0
402000.0,7.58389203,1.5763065983033361E-6,402000.0,90.42213930348258,80.17175136988102,74.68773009361523,76.62645921483163,1601.0,4552.0,0.0,0.0,1.0,1.0,1.0,0.0,0.0,0.0,1.0
403000.0,7.597199432,1.5776519522914347E-6,403000.0,90.44590570719603,80.20558702187168,74.68773009361523,76.62645921483163,2601.0,4552.0,0.0,0.0,1.0,1.0,1.0,0.0,0.0,0.0,1.0
404000.0,7.611262443,1.5791173834035065E-6,404000.0,90.4690594059406,80.23815323671434,74.68708091193564,76.62552889255818,3601.0,8256.0,0.0,0.0,3.0,2.0,2.0,1.0,0.0,0.0,1.0
405000.0,7.625650943,1.5806620548926393E-6,405000.0,90.49209876543209,80.2704442735446,74.68609894949972,76.62445669329577,4601.0,12128.0,0.0,0.0,5.0,3.0,3.0,2.0,0.0,0.0,1.0
406000.0,7.639342732,1.5821615713481E-6,406000.0,90.51403940886699,80.3004980375268,74.6841517123513,76.62166591800313,5601.0,12216.0,0.0,0.0,5.0,3.0,3.0,2.0,0.0,0.0,1.0
407000.0,7.652975455,1.5836838207951142E-6,407000.0,90.53685503685503,80.3322550880349,74.68350270156571,76.62073570474686,6601.0,12216.0,0.0,0.0,5.0,3.0,3.0,2.0,0.0,0.0,1.0
408000.0,7.666600873,1.5852344407718832E-6,408000.0,90.5595588235294,80.36374771702646,74.68285372490763,76.61980551407655,7601.0,12216.0,0.0,0.0,5.0,3.0,3.0,2.0,0.0,0.0,1.0
409000.0,7.680271814,1.5868195534466327E-6,409000.0,90.58190709046455,80.39449033484021,74.68188032390368,76.61841027041794,8601.0,12224.0,0.0,0.0,5.0,3.0,3.0,2.0,0.0,0.0,1.0
410000.0,7.69394156,1.5884338087330009E-6,410000.0,90.6041463414634,80.42497686734734,74.68090699967136,76.61701507757301,9601.0,12224.0,0.0,0.0,5.0,3.0,3.0,2.0,0.0,0.0,1.0
411000.0,7.707593373,1.5900751890737352E-6,411000.0,90.62627737226278,80.45521042022075,74.67993375220169,76.61561993553909,10601.0,12224.0,0.0,0.0,5.0,3.0,3.0,2.0,0.0,0.0,1.0
412000.0,7.721230566,1.5917440230664835E-6,412000.0,90.64854368932039,80.48568001636056,74.67928496319665,76.61468986907676,11601.0,12224.0,0.0,0.0,5.0,3.0,3.0,2.0,0.0,0.0,1.0
413000.0,7.73488089,1.5934437035147573E-6,413000.0,90.67070217917676,80.51590082403266,74.67863620830157,76.61375982519499,12601.0,12224.0,0.0,0.0,5.0,3.0,3.0,2.0,0.0,0.0,1.0
414000.0,7.748543061,1.5951741240442458E-6,414000.0,90.69275362318841,80.54587582564051,74.6779874875138,76.612829803893,13601.0,12224.0,0.0,0.0,5.0,3.0,3.0,2.0,0.0,0.0,1.0
415000.0,7.762215212,1.5969350949391844E-6,415000.0,90.71493975903614,80.57609114292396,74.6776631399093,76.61236480170916,14601.0,12224.0,0.0,0.0,5.0,3.0,3.0,2.0,0.0,0.0,1.0
416000.0,7.775888377,1.5987254849297944E-6,416000.0,90.73653846153846,80.60510010382511,74.67669014824939,76.61096982902508,15601.0,12224.0,0.0,0.0,5.0,3.0,3.0,2.0,0.0,0.0,1.0
417000.0,7.789552409,1.6005439479575365E-6,417000.0,90.75755395683454,80.6329110037808,74.67506866597454,76.60864498743673,16601.0,12224.0,0.0,0.0,5.0,3.0,3.0,2.0,0.0,0.0,1.0
418000.0,7.803218285,1.6023919292713264E-6,418000.0,90.77894736842104,80.6614538879359,74.67409587888982,76.60725015021028,17601.0,12224.0,0.0,0.0,5.0,3.0,3.0,2.0,0.0,0.0,1.0
419000.0,7.816859388,1.6042657804466885E-6,419000.0,90.80095465393795,80.69120568644192,74.67409587888983,76.60725015021029,18601.0,12224.0,0.0,0.0,5.0,3.0,3.0,2.0,0.0,0.0,1.0
420000.0,7.831324657,1.6062977817081328E-6,420000.0,90.82261904761904,80.72024635349732,74.67377163357294,76.6067852157553,19601.0,15928.0,0.0,0.0,7.0,4.0,4.0,2.0,0.0,0.0,1.0
421000.0,7.845198087,1.6082765344327107E-6,421000.0,90.84346793349168,80.74762485055759,74.67214191852824,76.60478355070308,20601.0,15976.0,0.0,0.0,7.0,4.0,4.0,2.0,0.0,0.0,1.0
422000.0,7.859029083,1.6102788614137635E-6,422000.0,90.86516587677725,80.77669179093138,74.67214191852825,76.60478355070309,21601.0,15976.0,0.0,0.0,7.0,4.0,4.0,2.0,0.0,0.0,1.0
423000.0,7.872862256,1.6123113638314478E-6,423000.0,90.88557919621749,80.80315377471537,74.67052099073648,76.60245906613746,22601.0,16040.0,0.0,0.0,7.0,4.0,4.0,2.0,0.0,0.0,1.0
424000.0,7.886670377,1.6143697629431197E-6,424000.0,90.9063679245283,80.83035292125923,74.66954853629052,76.60106444310932,23601.0,16040.0,0.0,0.0,7.0,4.0,4.0,2.0,0.0,0.0,1.0
425000.0,7.900512157,1.6164628293298326E-6,425000.0,90.92682352941176,80.85686340000075,74.66825204961108,76.59920502472917,24601.0,16040.0,0.0,0.0,7.0,4.0,4.0,2.0,0.0,0.0,1.0
426000.0,7.91553323,1.6187811944545594E-6,426000.0,90.94741784037559,80.88363729484152,74.66727977402616,76.59781052018351,25601.0,19824.0,0.0,0.0,9.0,5.0,5.0,3.0,0.0,0.0,1.0
427000.0,7.929518622,1.620969726881314E-6,427000.0,90.96838407494145,80.91114722107602,74.66695569919597,76.5973456966181,26601.0,19840.0,0.0,0.0,9.0,5.0,5.0,3.0,0.0,0.0,1.0
428000.0,7.943505423,1.6231886137953623E-6,428000.0,90.98878504672896,80.93750300826872,74.66598352579513,76.59595125976989,27601.0,19888.0,0.0,0.0,9.0,5.0,5.0,3.0,0.0,0.0,1.0
429000.0,7.957434178,1.6254304631722755E-6,429000.0,91.009324009324,80.96412518797342,74.66533545276599,76.59502166341008,28601.0,20536.0,0.0,0.0,9.0,5.0,5.0,3.0,0.0,0.0,1.0
430000.0,7.971401793,1.6277084863284266E-6,430000.0,91.03,80.99101362701738,74.66501142902183,76.59455687369156,29601.0,20536.0,0.0,0.0,9.0,5.0,5.0,3.0,0.0,0.0,1.0
431000.0,7.985433477,1.6300270151587612E-6,431000.0,91.05034802784223,81.01722927764847,74.66436340707268,76.59362731117679,30601.0,20536.0,0.0,0.0,9.0,5.0,5.0,3.0,0.0,0.0,1.0
432000.0,7.999483399,1.6323787112271243E-6,432000.0,91.07013888888889,81.04230815668882,74.66306746532155,76.59176825383341,31601.0,20552.0,0.0,0.0,9.0,5.0,5.0,3.0,0.0,0.0,1.0
433000.0,8.013528477,1.6347596816456974E-6,433000.0,91.09006928406467,81.06766084567116,74.66209559837648,76.59037402004807,32601.0,20552.0,0.0,0.0,9.0,5.0,5.0,3.0,0.0,0.0,1.0
434000.0,8.027504157,1.6371588239666482E-6,434000.0,91.11013824884793,81.09328644810374,74.66111490569011,76.58930250902583,33601.0,20552.0,0.0,0.0,9.0,5.0,5.0,3.0,0.0,0.0,1.0
435000.0,8.041470229,1.639586232837024E-6,435000.0,91.13034482758621,81.11918612712583,74.6607909841987,76.5888377850321,34601.0,20552.0,0.0,0.0,9.0,5.0,5.0,3.0,0.0,0.0,1.0
436000.0,8.055480928,1.6420514097219037E-6,436000.0,91.15045871559633,81.14489347871097,74.66046707121653,76.58837306667799,35601.0,20552.0,0.0,0.0,9.0,5.0,5.0,3.0,0.0,0.0,1.0
437000.0,8.069438048,1.6445370561393094E-6,437000.0,91.17025171624714,81.16994586293858,74.65948643856308,76.58744364688822,36601.0,20552.0,0.0,0.0,9.0,5.0,5.0,3.0,0.0,0.0,1.0
438000.0,8.083414786,1.6470561351172701E-6,438000.0,91.19018264840183,81.19527562872518,74.65916255122413,76.58697894545234,37601.0,20552.0,0.0,0.0,9.0,5.0,5.0,3.0,0.0,0.0,1.0
439000.0,8.097368209,1.6496009007639078E-6,439000.0,91.20979498861048,81.21995607427054,74.65851480206993,76.58604955949811,38601.0,20552.0,0.0,0.0,9.0,5.0,5.0,3.0,0.0,0.0,1.0
440000.0,8.111289655,1.652169654902904E-6,440000.0,91.22954545454546,81.24491643731206,74.65819094025402,76.58558487497953,39601.0,20552.0,0.0,0.0,9.0,5.0,5.0,3.0,0.0,0.0,1.0
441000.0,8.125266861,1.6547786375138258E-6,441000.0,91.24897959183673,81.2692329854377,74.65754324214286,76.58465552285895,40601.0,20552.0,0.0,0.0,9.0,5.0,5.0,3.0,0.0,0.0,1.0
442000.0,8.139259468,1.6574204676232623E-6,442000.0,91.26809954751131,81.2929099037955,74.65657175877286,76.58326153696807,41601.0,20552.0,0.0,0.0,9.0,5.0,5.0,3.0,0.0,0.0,1.0
443000.0,8.153205569,1.6600833904467763E-6,443000.0,91.28781038374719,81.31779235586109,74.65657175877286,76.58326153696807,42601.0,20552.0,0.0,0.0,9.0,5.0,5.0,3.0,0.0,0.0,1.0
444000.0,8.167968221,1.6629457054300847E-6,444000.0,91.30698198198198,81.34157799881541,74.65592414572006,76.58233224123286,43601.0,23632.0,0.0,0.0,11.0,6.0,6.0,4.0,0.0,0.0,1.0
445000.0,8.182115128,1.6657192888766457E-6,445000.0,91.32629213483146,81.36564949659973,74.65560035195085,76.5818676018226,44601.0,23728.0,0.0,0.0,11.0,6.0,6.0,4.0,0.0,0.0,1.0
446000.0,8.196194198,1.6685097304427305E-6,446000.0,91.34529147982062,81.38909035107534,74.654952789925,76.58093833991614,45601.0,23728.0,0.0,0.0,11.0,6.0,6.0,4.0,0.0,0.0,1.0
447000.0,8.210240046,1.6713236742747007E-6,447000.0,91.36420581655481,81.41236190734895,74.65430526191383,76.58000910056121,46601.0,23728.0,0.0,0.0,11.0,6.0,6.0,4.0,0.0,0.0,1.0
448000.0,8.224311922,1.6741729751019854E-6,448000.0,91.38303571428571,81.43546595220926,74.65365776791458,76.57907988375689,47601.0,23728.0,0.0,0.0,11.0,6.0,6.0,4.0,0.0,0.0,1.0
449000.0,8.238402488,1.6770562428999E-6,449000.0,91.40178173719377,81.45840424739022,74.65301030792463,76.57815068950245,48601.0,23728.0,0.0,0.0,11.0,6.0,6.0,4.0,0.0,0.0,1.0
450000.0,8.252497181,1.6799705466042884E-6,450000.0,91.42,81.48026799108432,74.6517154899618,76.57629236863977,49601.0,23728.0,0.0,0.0,11.0,6.0,6.0,4.0,0.0,0.0,1.0
451000.0,8.266639834,1.682925060963046E-6,451000.0,91.43791574279379,81.5015176358399,74.65009715876269,76.57396959438965,50601.0,23728.0,0.0,0.0,11.0,6.0,6.0,4.0,0.0,0.0,1.0
452000.0,8.280741192,1.6859011541629945E-6,452000.0,91.45619469026549,81.52351855959009,74.6491262620295,76.57257599747636,51601.0,23728.0,0.0,0.0,11.0,6.0,6.0,4.0,0.0,0.0,1.0
453000.0,8.294848791,1.688910827396902E-6,453000.0,91.47395143487859,81.54445548038296,74.64750827075565,76.57025344867331,52601.0,24288.0,0.0,0.0,11.0,6.0,6.0,4.0,0.0,0.0,1.0
454000.0,8.308961946,1.6919519169009901E-6,454000.0,91.49251101321586,81.56704922305855,74.64718469799011,76.56978895581965,53601.0,24288.0,0.0,0.0,11.0,6.0,6.0,4.0,0.0,0.0,1.0
455000.0,8.323070273,1.6950221867000095E-6,455000.0,91.51032967032967,81.58813034899367,74.64589049188075,76.56793104075803,54601.0,24288.0,0.0,0.0,11.0,6.0,6.0,4.0,0.0,0.0,1.0
456000.0,8.33720764,1.6981290590488735E-6,456000.0,91.52850877192982,81.60996238501365,74.64524343979313,76.5670021170376,55601.0,24288.0,0.0,0.0,11.0,6.0,6.0,4.0,0.0,0.0,1.0
457000.0,8.351384206,1.7012752354311768E-6,457000.0,91.54660831509847,81.63164186601664,74.64459642167994,76.56607321585636,56601.0,24376.0,0.0,0.0,11.0,6.0,6.0,4.0,0.0,0.0,1.0
458000.0,8.365485327,1.7044348736508077E-6,458000.0,91.56484716157205,81.65361958017414,74.64394009004869,76.56546662218312,57601.0,24376.0,0.0,0.0,11.0,6.0,6.0,4.0,0.0,0.0,1.0
459000.0,8.379634795,1.7076356537364808E-6,459000.0,91.58278867102396,81.67499794505572,74.6432931231377,76.56453775089925,58601.0,24376.0,0.0,0.0,11.0,6.0,6.0,4.0,0.0,0.0,1.0
460000.0,8.393762291,1.7108617251797901E-6,460000.0,91.6008695652174,81.69667692229483,74.64296965242045,76.5640733237089,59601.0,24376.0,0.0,0.0,11.0,6.0,6.0,4.0,0.0,0.0,1.0
461000.0,8.407901085,1.7141206624570376E-6,461000.0,91.61887201735358,81.71820815873929,74.64264619019492,76.56360890215275,60601.0,24376.0,0.0,0.0,11.0,6.0,6.0,4.0,0.0,0.0,1.0
462000.0,8.422121691,1.7174289182177446E-6,462000.0,91.63679653679654,81.73959314118092,74.64232273646077,76.56314448623075,61601.0,24376.0,0.0,0.0,11.0,6.0,6.0,4.0,0.0,0.0,1.0
463000.0,8.43823124,1.721268000298723E-6,463000.0,91.65442764578835,81.76038669203642,74.64167585446528,76.56221567128871,62601.0,37984.0,0.0,0.0,16.0,10.0,10.0,4.0,0.0,0.0,1.0
464000.0,8.452913136,1.7248024691058376E-6,464000.0,91.67198275862069,81.78103816309864,74.64102900643127,76.56128687888197,63601.0,39080.0,0.0,0.0,16.0,10.0,10.0,4.0,0.0,0.0,1.0
465000.0,8.467467045,1.7283376331783138E-6,465000.0,91.68924731182796,81.80110297168414,74.6397259554809,76.55975155580896,64601.0,39168.0,0.0,0.0,16.0,10.0,10.0,4.0,0.0,0.0,1.0
466000.0,8.482024236,1.7319049874599083E-6,466000.0,91.70557939914164,81.81925010695764,74.6367967242805,76.55621667849411,65601.0,39224.0,0.0,0.0,16.0,10.0,10.0,4.0,0.0,0.0,1.0
467000.0,8.496562694,1.7354989231477316E-6,467000.0,91.72291220556745,81.83953700598786,74.63581721305022,76.55514581008298,66601.0,39232.0,0.0,0.0,16.0,10.0,10.0,4.0,0.0,0.0,1.0
468000.0,8.5111121,1.739126730640482E-6,468000.0,91.74059829059829,81.8605250092585,74.6358172130502,76.55514581008296,67601.0,39232.0,0.0,0.0,16.0,10.0,10.0,4.0,0.0,0.0,1.0
469000.0,8.525655927,1.7427843005300367E-6,469000.0,91.75799573560768,81.88093244190566,74.63549390411949,76.55468148211048,68601.0,39232.0,0.0,0.0,16.0,10.0,10.0,4.0,0.0,0.0,1.0
470000.0,8.540210737,1.7464758396269931E-6,470000.0,91.77531914893618,81.90120478289428,74.63517060367455,76.5542171597705,69601.0,39240.0,0.0,0.0,16.0,10.0,10.0,4.0,0.0,0.0,1.0
471000.0,8.554736408,1.750193507783267E-6,471000.0,91.79214437367304,81.92045931881961,74.63386787748351,76.55268201557533,70601.0,39880.0,0.0,0.0,16.0,10.0,10.0,4.0,0.0,0.0,1.0
472000.0,8.569280135,1.7539469504252356E-6,472000.0,91.80911016949153,81.94002549025429,74.6332213532098,76.55175341767853,71601.0,39880.0,0.0,0.0,16.0,10.0,10.0,4.0,0.0,0.0,1.0
473000.0,8.583828041,1.7577326639157815E-6,473000.0,91.82600422832981,81.95946165385638,74.63257486287166,76.55082484230954,72601.0,39888.0,0.0,0.0,16.0,10.0,10.0,4.0,0.0,0.0,1.0
474000.0,8.598374385,1.7615491298151794E-6,474000.0,91.84303797468354,81.97920900673881,74.63225163042763,76.55036056307274,73601.0,39888.0,0.0,0.0,16.0,10.0,10.0,4.0,0.0,0.0,1.0
475000.0,8.612969742,1.7654097491318828E-6,475000.0,91.8597894736842,81.99838832534694,74.63160519098793,76.54943202149401,74601.0,39896.0,0.0,0.0,16.0,10.0,10.0,4.0,0.0,0.0,1.0
476000.0,8.6276014,1.769311312054488E-6,476000.0,91.87647058823529,82.01744136334145,74.63095878547715,76.5485035024411,75601.0,39896.0,0.0,0.0,16.0,10.0,10.0,4.0,0.0,0.0,1.0
477000.0,8.64216029,1.7732246871180183E-6,477000.0,91.89329140461216,82.03680752909031,74.63063559544428,76.54803925136153,76601.0,39904.0,0.0,0.0,16.0,10.0,10.0,4.0,0.0,0.0,1.0
478000.0,8.656709719,1.777166684587063E-6,478000.0,91.91004184100419,82.05604867294852,74.63031241389264,76.54757500591315,77601.0,39904.0,0.0,0.0,16.0,10.0,10.0,4.0,0.0,0.0,1.0
479000.0,8.671275382,1.78114437116467E-6,479000.0,91.92609603340293,82.07385481122822,74.62901977249172,76.5457180804289,78601.0,39928.0,0.0,0.0,16.0,10.0,10.0,4.0,0.0,0.0,1.0
480000.0,8.685853848,1.7851567817546317E-6,480000.0,91.94250000000001,82.09241466835408,74.62837350266996,76.54478965147096,79601.0,39928.0,0.0,0.0,16.0,10.0,10.0,4.0,0.0,0.0,1.0
481000.0,8.700424799,1.7891983355896458E-6,481000.0,91.95925155925157,82.11172600093006,74.62837350266996,76.54478965147096,80601.0,39928.0,0.0,0.0,16.0,10.0,10.0,4.0,0.0,0.0,1.0
482000.0,8.714988395,1.7932690451968497E-6,482000.0,91.97510373443983,82.12917436251743,74.62708106477048,76.54293286111937,81601.0,39928.0,0.0,0.0,16.0,10.0,10.0,4.0,0.0,0.0,1.0
483000.0,8.729552213,1.797371013164561E-6,483000.0,91.99171842650104,82.14824609076291,74.62708106477048,76.54293286111937,82601.0,39928.0,0.0,0.0,16.0,10.0,10.0,4.0,0.0,0.0,1.0
484000.0,8.744116223,1.801504292213461E-6,484000.0,92.00723140495867,82.16502725955382,74.62546570813873,76.54061199985446,83601.0,39944.0,0.0,0.0,16.0,10.0,10.0,4.0,0.0,0.0,1.0
485000.0,8.758695456,1.8056731208916314E-6,485000.0,92.02329896907216,82.18299694639147,74.62481962481962,76.53968369475574,84601.0,39944.0,0.0,0.0,16.0,10.0,10.0,4.0,0.0,0.0,1.0
486000.0,8.773279346,1.8098745205098117E-6,486000.0,92.03971193415637,82.20171812918203,74.62481962481962,76.53968369475574,85601.0,39944.0,0.0,0.0,16.0,10.0,10.0,4.0,0.0,0.0,1.0
487000.0,8.78786426,1.8141074566242197E-6,487000.0,92.0552361396304,82.21859282331229,74.62352755988142,76.53782715210906,86601.0,39944.0,0.0,0.0,16.0,10.0,10.0,4.0,0.0,0.0,1.0
488000.0,8.802452256,1.818372535317285E-6,488000.0,92.07131147540983,82.23665322998094,74.62320456483242,76.53736303051986,87601.0,39944.0,0.0,0.0,16.0,10.0,10.0,4.0,0.0,0.0,1.0
489000.0,8.817118831,1.8226920044972949E-6,489000.0,92.08629856850715,82.25244305947241,74.62126677247149,76.53457841918564,88601.0,39944.0,0.0,0.0,16.0,10.0,10.0,4.0,0.0,0.0,1.0
490000.0,8.831815054,1.827051685268241E-6,490000.0,92.10163265306123,82.26898853554728,74.61997508033315,76.53272212419431,89601.0,39944.0,0.0,0.0,16.0,10.0,10.0,4.0,0.0,0.0,1.0
491000.0,8.846538608,1.8314510123361932E-6,491000.0,92.11710794297352,82.28585695762605,74.61900640016786,76.53132996204265,90601.0,39944.0,0.0,0.0,16.0,10.0,10.0,4.0,0.0,0.0,1.0
492000.0,8.861353588,1.8359093913611227E-6,492000.0,92.13292682926829,82.30347771262664,74.61868352371833,76.53086591924716,91601.0,39944.0,0.0,0.0,16.0,10.0,10.0,4.0,0.0,0.0,1.0
493000.0,8.876084856,1.840374133322375E-6,493000.0,92.14847870182555,82.32056028874986,74.61803779622561,76.5299378505381,92601.0,39944.0,0.0,0.0,16.0,10.0,10.0,4.0,0.0,0.0,1.0
494000.0,8.890740139,1.844847238035806E-6,494000.0,92.16417004048583,82.33796510778488,74.61771494518176,76.52947382462436,93601.0,39944.0,0.0,0.0,16.0,10.0,10.0,4.0,0.0,0.0,1.0
495000.0,8.905351065,1.8493381012634805E-6,495000.0,92.17858585858586,82.35269260150045,74.61545522495705,76.52622580077971,94601.0,39944.0,0.0,0.0,16.0,10.0,10.0,4.0,0.0,0.0,1.0
496000.0,8.919993362,1.8538699712009518E-6,496000.0,92.19375,82.36903209155906,74.61448690042222,76.52483387495755,95601.0,39944.0,0.0,0.0,16.0,10.0,10.0,4.0,0.0,0.0,1.0
497000.0,8.9347419,1.8584663152879226E-6,497000.0,92.20945674044265,82.38655096754422,74.61448690042222,76.52483387495755,96601.0,39944.0,0.0,0.0,16.0,10.0,10.0,4.0,0.0,0.0,1.0
498000.0,8.949392777,1.86306360636714E-6,498000.0,92.22389558232932,82.40140349360374,74.61255047988672,76.52205017521311,97601.0,39944.0,0.0,0.0,16.0,10.0,10.0,4.0,0.0,0.0,1.0
499000.0,8.963982215,1.8676728697222884E-6,499000.0,92.23907815631263,82.41786363836742,74.61190507407893,76.52112232030265,98601.0,39944.0,0.0,0.0,16.0,10.0,10.0,4.0,0.0,0.0,1.0
500000.0,8.978588746,1.8723188210966768E-6,500000.0,92.2536,82.43294498911943,74.61029170763686,76.5188027814658,99601.0,39944.0,0.0,0.0,16.0,10.0,10.0,4.0,0.0,0.0,1.0
