learning evaluation instances,evaluation time (cpu seconds),model cost (RAM-Hours),classified instances,classifications correct (percent),Kappa Statistic (percent),Kappa Temporal Statistic (percent),Kappa M Statistic (percent),model training instances,model serialized size (bytes),Change detected,Warning detected
1000.0,0.056771763,3.976388886589557E-9,1000.0,66.9,50.206095616331204,49.38837920489297,48.20031298904539,25.0,7888.0,16.0,0.0
2000.0,0.140331374,1.0051957080887837E-8,2000.0,67.30000000000001,50.827326472717814,50.71590052750565,49.18414918414919,49.0,7888.0,16.0,0.0
3000.0,0.182570711,1.3123153432262026E-8,3000.0,67.9,51.775010140768906,51.77766649974964,50.69124423963135,12.0,7888.0,17.0,0.0
4000.0,0.223257516,1.6081466131750496E-8,4000.0,67.625,51.4186868864968,51.315789473684205,50.92838196286472,36.0,7888.0,16.0,0.0
5000.0,0.259550361,1.8720296687850108E-8,5000.0,67.80000000000001,51.69043567245444,51.63712826674678,51.27118644067797,60.0,7888.0,16.0,0.0
6000.0,0.290989693,2.1006231283083973E-8,6000.0,68.5,52.73987845730295,52.61970418651292,52.054794520547944,23.0,7888.0,17.0,0.0
7000.0,0.319814248,2.3102047042360325E-8,7000.0,68.74285714285713,53.10705415213675,53.23787134002992,52.486427795874036,47.0,7888.0,16.0,0.0
8000.0,0.351665465,2.541792954395422E-8,8000.0,68.63749999999999,52.94954678074291,53.08526551982049,52.454045859389794,10.0,7888.0,17.0,0.0
9000.0,0.38147518,2.7585375684112727E-8,9000.0,68.87777777777778,53.30517109156466,53.58740679370341,52.74169056858445,34.0,7888.0,16.0,0.0
10000.0,0.410241775,2.9676977207248826E-8,10000.0,68.88,53.30999783428605,53.55917027309357,52.869907617749504,58.0,7888.0,16.0,0.0
11000.0,0.438315781,3.171822100791873E-8,11000.0,68.97272727272727,53.44920059544551,53.690637720488475,53.11169116636901,21.0,7888.0,17.0,0.0
12000.0,0.463169,3.352528335628617E-8,12000.0,68.70833333333334,53.05440481893097,53.14449713002247,52.791048529041994,45.0,7888.0,16.0,0.0
13000.0,0.487433939,3.5289572225761494E-8,13000.0,68.57692307692308,52.860725079363625,52.89980398939237,52.55516840882696,8.0,7888.0,17.0,0.0
14000.0,0.511513542,3.704038542806481E-8,14000.0,68.62857142857143,52.93966844523871,52.99154447179707,52.64179426353246,32.0,7888.0,16.0,0.0
15000.0,0.535671888,3.87969239857234E-8,15000.0,68.71333333333334,53.06322420704653,53.130929791271356,52.76771336553946,56.0,7888.0,16.0,0.0
16000.0,0.56014684,4.0576482771943424E-8,16000.0,68.73125,53.08654084457542,53.24299065420561,52.68135817648728,19.0,7888.0,17.0,0.0
17000.0,0.587370324,4.2555885638340064E-8,17000.0,68.58235294117647,52.862539940907716,53.06265928464716,52.47374977754049,43.0,7888.0,16.0,0.0
18000.0,0.611069853,4.4273913781146204E-8,18000.0,68.7611111111111,53.12934228761373,53.24297355729253,52.66436568734741,6.0,7048.0,17.0,0.0
19000.0,0.635567134,4.605509609529541E-8,19000.0,68.73684210526316,53.09108139633811,53.073155316795706,52.49900039984008,30.0,7888.0,16.0,0.0
20000.0,0.661174653,4.791700313518444E-8,20000.0,68.83,53.23041864762177,53.1489553584849,52.686703096539155,54.0,7888.0,16.0,0.0
21000.0,0.693146376,5.024164755431314E-8,21000.0,68.74285714285713,53.09889066443768,53.15109556776818,52.55168425618042,17.0,7888.0,17.0,0.0
22000.0,0.717447935,5.200859904158446E-8,22000.0,68.72272727272727,53.071200857538834,53.0915536164701,52.57426424977599,41.0,7888.0,16.0,0.0
23000.0,0.741774097,5.377733939793374E-8,23000.0,68.69565217391305,53.03443028615603,52.99340601945551,52.61599210266535,4.0,7888.0,17.0,0.0
24000.0,0.766194791,5.5552953118168636E-8,24000.0,68.58333333333333,52.86618487187225,52.82487643120815,52.52188149360871,28.0,7888.0,16.0,0.0
25000.0,0.790375741,5.7311135198838175E-8,25000.0,68.628,52.931180572891215,52.86092078374804,52.529960053262315,52.0,7888.0,16.0,0.0
26000.0,0.814887998,5.909340640878511E-8,26000.0,68.5,52.73940320941223,52.69450701784787,52.38372093023257,15.0,7888.0,17.0,0.0
27000.0,0.839630554,6.089242251812583E-8,27000.0,68.57407407407408,52.847414158120074,52.761385146420224,52.456995573485734,39.0,7888.0,16.0,0.0
28000.0,0.864599853,6.269154348878603E-8,28000.0,68.55357142857143,52.8173857755874,52.714676977605926,52.4336880773594,2.0,5352.0,17.0,0.0
29000.0,0.889810879,6.452462176521825E-8,29000.0,68.49310344827586,52.72833428298108,52.5621722651991,52.356867243716756,26.0,7888.0,16.0,0.0
30000.0,0.91573708,6.640969997835862E-8,30000.0,68.52666666666667,52.77747839746767,52.53845380516739,52.390076643807994,50.0,7888.0,16.0,0.0
31000.0,0.942065949,6.832405593542795E-8,31000.0,68.49032258064516,52.72145773943966,52.471778902296606,52.3116730947615,13.0,7888.0,17.0,0.0
32000.0,0.967814082,7.019618693322977E-8,32000.0,68.5,52.73500402609672,52.533433791674526,52.376452801663056,37.0,7888.0,16.0,0.0
33000.0,0.993225643,7.20438459868253E-8,33000.0,68.51515151515152,52.755904470247984,52.55491118315906,52.38095238095239,61.0,7888.0,16.0,0.0
34000.0,1.019257125,7.393657911706508E-8,34000.0,68.47058823529412,52.691190839618955,52.46119733924611,52.34708392603129,24.0,7888.0,17.0,0.0
35000.0,1.044823199,7.579547271636004E-8,35000.0,68.44,52.647548605259395,52.441229656419544,52.315993956399744,48.0,7888.0,16.0,0.0
36000.0,1.070270996,7.764023644218842E-8,36000.0,68.49166666666666,52.72579635166622,52.48607213169688,52.37035481839176,11.0,7048.0,17.0,0.0
37000.0,1.102776969,8.000372585196463E-8,37000.0,68.47297297297297,52.6964008327108,52.45179961684261,52.343015892470476,35.0,7888.0,16.0,0.0
38000.0,1.127106911,8.177274104980132E-8,38000.0,68.4421052631579,52.65016603811298,52.437234759846106,52.29153405474221,59.0,7888.0,16.0,0.0
39000.0,1.151712371,8.356178899285695E-8,39000.0,68.45384615384616,52.66793930157062,52.49990347863017,52.308407954413305,22.0,7888.0,17.0,0.0
40000.0,1.179252773,8.556423477314413E-8,40000.0,68.45,52.66434709652168,52.502822732404965,52.350387011515956,46.0,7888.0,16.0,0.0
41000.0,1.203663623,8.733913274216156E-8,41000.0,68.47073170731707,52.693196030260395,52.50918442321824,52.38674033149172,9.0,7888.0,17.0,0.0
42000.0,1.227981838,8.910729527700279E-8,42000.0,68.46904761904761,52.69108191442551,52.54935683829589,52.378726311625734,33.0,7888.0,16.0,0.0
43000.0,1.252177713,9.086656254529127E-8,43000.0,68.50232558139535,52.74287075070476,52.58035151600028,52.41875988055508,57.0,7888.0,16.0,0.0
44000.0,1.277063079,9.267596228236128E-8,44000.0,68.47954545454546,52.70799815964522,52.524560983123955,52.36476043276662,20.0,7888.0,17.0,0.0
45000.0,1.302907723,9.455511053592797E-8,45000.0,68.49555555555555,52.731330592686795,52.547195072968265,52.357428504217495,44.0,7888.0,16.0,0.0
46000.0,1.321749362,9.592507458036147E-8,46000.0,68.51521739130435,52.760075839429675,52.607984293193724,52.380482672453475,7.0,7888.0,17.0,0.0
47000.0,1.34010991,9.726005879251495E-8,47000.0,68.49787234042553,52.733065141139,52.59045789305156,52.36164736164737,31.0,7888.0,16.0,0.0
48000.0,1.35935606,9.865943458427987E-8,48000.0,68.49166666666666,52.7240252391625,52.55959849435382,52.33983550247376,55.0,7888.0,16.0,0.0
49000.0,1.378215376,1.0003068391256863E-7,49000.0,68.46530612244898,52.684494493411414,52.55465487595185,52.280658410796455,18.0,7888.0,17.0,0.0
50000.0,1.39595567,1.013205698358516E-7,50000.0,68.498,52.73324022082745,52.60433906057232,52.33902202856452,42.0,7888.0,16.0,0.0
51000.0,1.413050513,1.025635254118095E-7,51000.0,68.48627450980392,52.715260947565625,52.59975816203144,52.332651184862236,5.0,7888.0,17.0,0.0
52000.0,1.430342154,1.0382079004994698E-7,52000.0,68.45961538461538,52.67532084758757,52.5681068887732,52.31019743537553,29.0,7888.0,16.0,0.0
53000.0,1.447749669,1.0508647981573312E-7,53000.0,68.44905660377358,52.659192592371525,52.57784583971414,52.27467321194133,53.0,7888.0,16.0,0.0
54000.0,1.464970412,1.0633858950366578E-7,54000.0,68.42222222222222,52.62049319452294,52.5714126776625,52.244657910213675,16.0,7888.0,17.0,0.0
55000.0,1.482080871,1.0758268050942986E-7,55000.0,68.4090909090909,52.60080620100187,52.5428821151535,52.21002833017025,40.0,7888.0,16.0,0.0
56000.0,1.499587357,1.0885176208609924E-7,56000.0,68.41428571428571,52.60752633837629,52.53327608415629,52.23590408295529,3.0,7048.0,17.0,0.0
57000.0,1.516294816,1.1006655120841747E-7,57000.0,68.41754385964911,52.61357813988311,52.57889468415784,52.27845081250165,27.0,7888.0,16.0,0.0
58000.0,1.532995483,1.1128084648857103E-7,58000.0,68.46034482758621,52.677459497891554,52.64070833117589,52.34832894839667,51.0,7888.0,16.0,0.0
59000.0,1.549318905,1.1246771251557191E-7,59000.0,68.46440677966102,52.68307222691261,52.650464435678835,52.371688211954435,14.0,7888.0,17.0,0.0
60000.0,1.565576511,1.1364979310147881E-7,60000.0,68.435,52.63978617033085,52.63118403281477,52.341528473288214,38.0,7888.0,16.0,0.0
61000.0,1.581920422,1.148310455262744E-7,61000.0,68.46229508196721,52.68138010085226,52.689176892998546,52.3646808299906,1.0,6208.0,17.0,0.0
62000.0,1.598160286,1.160118361022158E-7,62000.0,68.46451612903226,52.684896804065716,52.706690532630255,52.37724084177708,25.0,7888.0,16.0,0.0
63000.0,1.614007675,1.171640900610222E-7,63000.0,68.49047619047619,52.723930323339985,52.73346349826181,52.427626533742334,49.0,7888.0,16.0,0.0
64000.0,1.629550228,1.1829417958076632E-7,64000.0,68.5,52.73874356524857,52.731535756154756,52.43375881839418,12.0,7888.0,17.0,0.0
65000.0,1.644884026,1.194090906521761E-7,65000.0,68.52923076923076,52.781997631547206,52.78476630121176,52.459968858211894,36.0,7888.0,16.0,0.0
66000.0,1.664159626,1.208106077354236E-7,66000.0,68.54848484848485,52.812187556332745,52.81629313088148,52.510809636018394,60.0,7888.0,16.0,0.0
67000.0,1.681242481,1.2205269167123574E-7,67000.0,68.55820895522388,52.82715845148259,52.87037451340104,52.53267237494366,23.0,7888.0,17.0,0.0
68000.0,1.696963271,1.23195740694205E-7,68000.0,68.53823529411764,52.79681243570597,52.86419317881378,52.496835934897966,47.0,7888.0,16.0,0.0
69000.0,1.712090949,1.2429566490651837E-7,69000.0,68.56666666666666,52.83957892877034,52.896079921815605,52.53009411249726,10.0,7888.0,17.0,0.0
70000.0,1.727222869,1.253958975520565E-7,70000.0,68.58,52.859981707108275,52.921786035361094,52.55926317378831,34.0,7888.0,16.0,0.0
71000.0,1.742344425,1.2649537663749527E-7,71000.0,68.60000000000001,52.89010860964306,52.9652524314859,52.59722310816271,58.0,7888.0,16.0,0.0
72000.0,1.757586869,1.2760364541545515E-7,72000.0,68.59583333333333,52.884753700900745,52.93689118308217,52.623308050119434,21.0,7888.0,17.0,0.0
73000.0,1.773473796,1.2875877415805232E-7,73000.0,68.6041095890411,52.89743087427493,52.9615795090715,52.653541843121864,45.0,7888.0,16.0,0.0
74000.0,1.789221084,1.299037498343902E-7,74000.0,68.61351351351351,52.91157779138573,52.97047746324869,52.6676176890157,8.0,7888.0,17.0,0.0
75000.0,1.805221807,1.3106715261452734E-7,75000.0,68.61866666666666,52.918626889580764,53.00601002336121,52.70001406780682,32.0,7888.0,16.0,0.0
76000.0,1.820402529,1.3217093362362856E-7,76000.0,68.59868421052632,52.88819538475548,52.99204223132683,52.65538516475886,56.0,7888.0,16.0,0.0
77000.0,1.835693115,1.332827027769553E-7,77000.0,68.5935064935065,52.881983678044406,52.98063462435838,52.68348040462541,19.0,7888.0,17.0,0.0
78000.0,1.850989787,1.3439491443961866E-7,78000.0,68.59615384615385,52.886662585391406,52.97652185598282,52.70413778455717,43.0,7888.0,16.0,0.0
79000.0,1.866059575,1.3549062950544895E-7,79000.0,68.59367088607596,52.88252392956837,52.97473512632437,52.68236864689616,6.0,7888.0,17.0,0.0
80000.0,1.881127326,1.3658619646225547E-7,80000.0,68.57625,52.85761954844328,52.941727036184275,52.67685704604496,30.0,7888.0,16.0,0.0
81000.0,1.896160115,1.3767922135343162E-7,81000.0,68.59012345679012,52.87799433911099,52.94357001498141,52.68541248233281,54.0,7888.0,16.0,0.0
82000.0,1.911250664,1.387764459388704E-7,82000.0,68.5890243902439,52.87676294241671,52.94235863706952,52.690838292557494,17.0,7888.0,17.0,0.0
83000.0,1.926385154,1.398768654475362E-7,83000.0,68.59036144578313,52.87936312376023,52.95497608950646,52.692035494583266,41.0,7888.0,16.0,0.0
84000.0,1.941541473,1.4097557853096277E-7,84000.0,68.58214285714286,52.86693338375672,52.94295954210724,52.68988760016493,4.0,7048.0,17.0,0.0
85000.0,1.956568754,1.420682029388287E-7,85000.0,68.58588235294117,52.871596634997566,52.92811056658322,52.68203646931651,28.0,7888.0,16.0,0.0
86000.0,1.971635378,1.431636879521547E-7,86000.0,68.59418604651162,52.884065375550705,52.92713108039807,52.67971336965853,52.0,7888.0,16.0,0.0
87000.0,1.986746811,1.442624310004567E-7,87000.0,68.58620689655173,52.87257848312422,52.92557314363471,52.69252739263646,15.0,7888.0,17.0,0.0
88000.0,2.002067478,1.4537638732489E-7,88000.0,68.5875,52.8757579537711,52.91442392859577,52.70577768653013,39.0,7888.0,16.0,0.0
89000.0,2.017110427,1.4646688198125204E-7,89000.0,68.57078651685393,52.85127833203318,52.90036875515668,52.69646390340419,2.0,7048.0,17.0,0.0
90000.0,2.032067043,1.475543683802006E-7,90000.0,68.60111111111111,52.89722979505901,52.94558412148662,52.735453009750955,26.0,7888.0,16.0,0.0
91000.0,2.047025346,1.4864197743988706E-7,91000.0,68.59120879120879,52.88247867925783,52.915012437606045,52.722641259759165,50.0,7888.0,16.0,0.0
92000.0,2.062364059,1.4975724587793985E-7,92000.0,68.59239130434783,52.88485377978384,52.92287138714197,52.74193284595129,13.0,7888.0,17.0,0.0
93000.0,2.081020646,1.511137549046676E-7,93000.0,68.59247311827957,52.884768716299405,52.92818926062013,52.71788396788397,37.0,7888.0,16.0,0.0
94000.0,2.096047046,1.5220631525556253E-7,94000.0,68.6063829787234,52.906633754914814,52.95336787564766,52.74014285256718,61.0,7888.0,16.0,0.0
95000.0,2.111134815,1.5330333770890208E-7,95000.0,68.6157894736842,52.920786634919025,52.95240800353469,52.74885497392985,24.0,7888.0,17.0,0.0
96000.0,2.126141728,1.543944811719491E-7,96000.0,68.64375,52.96263558562712,52.9891304347826,52.79746597252712,48.0,7888.0,16.0,0.0
97000.0,2.141224178,1.554911168840528E-7,97000.0,68.63505154639175,52.94991281649432,52.96227581941868,52.78708876474241,11.0,7888.0,17.0,0.0
98000.0,2.159904204,1.5684933014613064E-7,98000.0,68.62755102040816,52.938733250967154,52.953328232593734,52.786437138162434,35.0,7888.0,16.0,0.0
99000.0,2.174929187,1.5794178746782248E-7,99000.0,68.62424242424242,52.93320514756563,52.959883694516364,52.770344240360046,59.0,7888.0,16.0,0.0
100000.0,2.190087984,1.5904397432358733E-7,100000.0,68.62700000000001,52.93689415425364,52.946381702287226,52.762177219001735,22.0,7888.0,17.0,0.0
101000.0,2.205159732,1.6013983189981848E-7,101000.0,68.64851485148516,52.96891740896008,52.97742797742799,52.789539599236655,46.0,7888.0,16.0,0.0
102000.0,2.2202498,1.6123702151204153E-7,102000.0,68.65098039215685,52.97237567954428,52.98338479635347,52.7820437093916,9.0,7888.0,17.0,0.0
103000.0,2.235526948,1.6234781359660962E-7,103000.0,68.63300970873787,52.94515194354689,52.96207323287473,52.7557212839073,33.0,7888.0,16.0,0.0
104000.0,2.250651061,1.6344747859995403E-7,104000.0,68.62115384615385,52.92796952206914,52.94032820926946,52.75296434104039,57.0,7888.0,16.0,0.0
105000.0,2.265798477,1.6454883795017175E-7,105000.0,68.6152380952381,52.91927678517023,52.93159841743677,52.75141226737018,20.0,7888.0,17.0,0.0
106000.0,2.281001232,1.6565422096522323E-7,106000.0,68.64150943396227,52.95875338600909,52.967144918923516,52.774028557221,44.0,7888.0,16.0,0.0
107000.0,2.29605932,1.6674908533121153E-7,107000.0,68.65420560747664,52.97797862453891,53.00217193302039,52.79247832451301,7.0,7888.0,17.0,0.0
108000.0,2.311182978,1.6784871725178432E-7,108000.0,68.66018518518518,52.986873008040305,53.01311862289165,52.806748466257666,31.0,7888.0,16.0,0.0
109000.0,2.326460539,1.6895953936532972E-7,109000.0,68.67706422018348,53.01194567365884,53.051346222601126,52.82234105763517,55.0,7888.0,16.0,0.0
110000.0,2.341961287,1.700865892691E-7,110000.0,68.67,53.001194735905486,53.0387267326193,52.820140733236585,18.0,7888.0,17.0,0.0
111000.0,2.357281912,1.7120054253973898E-7,111000.0,68.68468468468468,53.02312450344881,53.06254726153181,52.849255978622104,42.0,7888.0,16.0,0.0
112000.0,2.372268742,1.7229022578014271E-7,112000.0,68.66339285714285,52.99135421383829,53.0154352802581,52.82407656325609,5.0,7888.0,17.0,0.0
113000.0,2.387154595,1.7337256704465387E-7,113000.0,68.65044247787611,52.97218934164414,52.99167982590003,52.81071000399626,29.0,7888.0,16.0,0.0
114000.0,2.40202123,1.7445351098014254E-7,114000.0,68.67017543859649,53.00189617012316,53.0238063922136,52.84020387144479,53.0,7888.0,16.0,0.0
115000.0,2.416920768,1.7553684727263126E-7,115000.0,68.69391304347826,53.03713464493415,53.0612777053455,52.88004711733526,16.0,7888.0,17.0,0.0
116000.0,2.431778356,1.7661713340628484E-7,116000.0,68.69913793103449,53.044491758573365,53.08066058460186,52.885838112786445,40.0,7888.0,16.0,0.0
117000.0,2.446677973,1.776952641026076E-7,117000.0,68.66495726495727,52.99308218943869,53.03717367355826,52.83416956130193,3.0,6536.0,17.0,0.0
118000.0,2.461525274,1.7877480227478475E-7,118000.0,68.68813559322034,53.02751014855277,53.06104300323954,52.868842003214525,27.0,7888.0,16.0,0.0
119000.0,2.476399414,1.7985629189423186E-7,119000.0,68.69327731092437,53.03521861269509,53.04504549923118,52.89781778643133,51.0,7888.0,16.0,0.0
120000.0,2.491296624,1.8093945891926484E-7,120000.0,68.70416666666667,53.05132276566719,53.05096823392632,52.90141339654113,14.0,7888.0,17.0,0.0
121000.0,2.506141414,1.8201881451816822E-7,121000.0,68.7090909090909,53.058679522425386,53.08011648801041,52.912059895282745,38.0,7888.0,16.0,0.0
122000.0,2.521064245,1.8309735871138884E-7,122000.0,68.7139344262295,53.06616020367706,53.083399913957344,52.92078841552161,1.0,6208.0,17.0,0.0
123000.0,2.535914271,1.8417709501664885E-7,123000.0,68.71788617886179,53.07264941204709,53.079118091800396,52.931030264477776,25.0,7888.0,16.0,0.0
124000.0,2.550788316,1.852585777287041E-7,124000.0,68.71290322580646,53.06510480702752,53.07124712713197,52.91290416545296,49.0,7888.0,16.0,0.0
125000.0,2.566268418,1.8638412647444554E-7,125000.0,68.7128,53.06464821709375,53.063379859102525,52.91759465478842,12.0,7888.0,17.0,0.0
126000.0,2.586579171,1.8786090889901962E-7,126000.0,68.69444444444444,53.03699495695734,53.041666666666664,52.88236418366859,36.0,7888.0,16.0,0.0
127000.0,2.601491412,1.8894516881886667E-7,127000.0,68.70708661417324,53.055277159039484,53.04972414852268,52.895578997273915,60.0,7888.0,16.0,0.0
128000.0,2.616464933,1.9003388437002282E-7,128000.0,68.70468749999999,53.051609933083995,53.04309091761616,52.89123046346712,23.0,7888.0,17.0,0.0
129000.0,2.631409948,1.9112052726735884E-7,129000.0,68.69922480620156,53.04380633608812,53.020430958253826,52.89217630725437,47.0,7888.0,16.0,0.0
130000.0,2.646830481,1.922417447875544E-7,130000.0,68.69923076923077,53.04356787855844,53.0023908247768,52.893030794165306,10.0,7888.0,17.0,0.0
131000.0,2.665459227,1.9359622951220518E-7,131000.0,68.69312977099237,53.034038430052796,52.98675990141572,52.88251648629397,34.0,7888.0,16.0,0.0
132000.0,2.680317918,1.9467659584431395E-7,132000.0,68.71060606060607,53.06007829271437,53.024271513386864,52.89569124791862,58.0,7888.0,16.0,0.0
133000.0,2.695235716,1.9576125981023123E-7,133000.0,68.7045112781955,53.0504853633967,53.01402027408395,52.88477864686506,21.0,7888.0,17.0,0.0
134000.0,2.710088636,1.9684120653646068E-7,134000.0,68.70149253731344,53.046287679196794,52.9999775870184,52.87905173866637,45.0,7888.0,16.0,0.0
135000.0,2.724972104,1.9792337438908096E-7,135000.0,68.7037037037037,53.04995339871106,53.00908676357731,52.88909703173436,8.0,7888.0,17.0,0.0
136000.0,2.739909292,1.990094481900355E-7,136000.0,68.7235294117647,53.07987876041872,53.031072635321664,52.9318033439931,32.0,7888.0,16.0,0.0
137000.0,2.754779494,2.000906514799119E-7,137000.0,68.71386861313869,53.06509764836393,53.01198215284095,52.91183740730568,56.0,7888.0,16.0,0.0
138000.0,2.769633424,2.0117067164262343E-7,138000.0,68.71666666666667,53.06940808468189,53.023427893665875,52.920969694326004,19.0,7888.0,17.0,0.0
139000.0,2.784465244,2.022490842007618E-7,139000.0,68.71870503597123,53.07242948556441,53.036669006858574,52.926338125757844,43.0,7888.0,16.0,0.0
140000.0,2.799341987,2.0332753023854147E-7,140000.0,68.70857142857143,53.05768504098998,53.02443784380798,52.91234481646693,6.0,7048.0,17.0,0.0
141000.0,2.814177886,2.0440623937827433E-7,141000.0,68.7,53.044291774452255,53.00450436060442,52.88761262222983,30.0,7888.0,16.0,0.0
142000.0,2.829054829,2.0548793280213659E-7,142000.0,68.70774647887325,53.05602247779694,53.02605845974947,52.90457970768725,54.0,7888.0,16.0,0.0
143000.0,2.844064125,2.0657924953165568E-7,143000.0,68.71048951048951,53.06047876782512,53.02269911597338,52.92285678212196,17.0,7888.0,17.0,0.0
144000.0,2.858916851,2.0765918215226383E-7,144000.0,68.7076388888889,53.055872837953366,53.011533087238526,52.91579156348286,41.0,7888.0,16.0,0.0
145000.0,2.873798899,2.0874124675755286E-7,145000.0,68.70482758620689,53.0515160647278,53.00684527199859,52.89953603271644,4.0,7888.0,17.0,0.0
146000.0,2.888631118,2.0981968832673712E-7,146000.0,68.69383561643836,53.03470625861452,52.998580918495364,52.87938144329897,28.0,7888.0,16.0,0.0
147000.0,2.903450043,2.1089716329731462E-7,147000.0,68.68843537414966,53.026309343536425,52.99284087543531,52.873963345960895,52.0,7888.0,16.0,0.0
148000.0,2.918359598,2.1198122791974496E-7,148000.0,68.6777027027027,53.01022634171262,52.96952357763169,52.85281314836663,15.0,7888.0,17.0,0.0
149000.0,2.933231453,2.1306255139824002E-7,149000.0,68.67785234899328,53.01049910828086,52.97780375008815,52.843819781951915,39.0,7888.0,16.0,0.0
150000.0,2.948678894,2.1418032243367905E-7,150000.0,68.66933333333334,52.99744297721962,52.965902380928554,52.83136278780336,2.0,6536.0,17.0,0.0
151000.0,2.963566338,2.1526277937882684E-7,151000.0,68.658940397351,52.9817878805153,52.95257977930212,52.8189023478391,26.0,7888.0,16.0,0.0
152000.0,2.978412638,2.163422447689064E-7,152000.0,68.64210526315789,52.95642109908238,52.930952757149626,52.79857397504456,50.0,7888.0,16.0,0.0
153000.0,2.993327836,2.1742671969041435E-7,153000.0,68.64967320261438,52.967587775652014,52.950523796445246,52.801912877483346,13.0,7888.0,17.0,0.0
154000.0,3.008174691,2.1850622543420434E-7,154000.0,68.64155844155843,52.95594634500408,52.949658511871704,52.79189802142801,37.0,7888.0,16.0,0.0
155000.0,3.022891682,2.1957628884600475E-7,155000.0,68.6541935483871,52.97496465086044,52.964752122520494,52.80438288034504,61.0,7888.0,16.0,0.0
156000.0,3.037758751,2.206572643373679E-7,156000.0,68.6474358974359,52.96445969204596,52.948080308612866,52.7986875120633,24.0,7888.0,17.0,0.0
157000.0,3.052598094,2.2173622388823372E-7,157000.0,68.64331210191082,52.95861856067432,52.95567914683791,52.805046399263745,48.0,7888.0,16.0,0.0
158000.0,3.071266921,2.2309362287787308E-7,158000.0,68.64556962025317,52.9618342960147,52.95882710422365,52.809160014479225,11.0,7888.0,17.0,0.0
159000.0,3.09258911,2.2464394619521375E-7,159000.0,68.6440251572327,52.959210907141276,52.95760560855247,52.81022243256034,35.0,7888.0,16.0,0.0
160000.0,3.107477409,2.2572646530688844E-7,160000.0,68.655,52.9760137188992,52.98176534008344,52.83096948948496,59.0,7888.0,16.0,0.0
161000.0,3.122477071,2.268170815541616E-7,161000.0,68.65714285714286,52.97945231370965,52.99301350721939,52.822056637466,22.0,7888.0,17.0,0.0
162000.0,3.137363142,2.278994386693194E-7,162000.0,68.66234567901235,52.98720631471197,53.00570222534898,52.83148593780488,46.0,7888.0,16.0,0.0
163000.0,3.155315747,2.2920476159552115E-7,163000.0,68.67055214723926,52.999616515804895,53.014187659864184,52.84715745930324,9.0,7888.0,17.0,0.0
164000.0,3.170198858,2.3028690349088984E-7,164000.0,68.67012195121951,52.99902410739956,53.00589930031554,52.84286461631652,33.0,7888.0,16.0,0.0
165000.0,3.185072062,2.313683250543496E-7,165000.0,68.67393939393939,53.004405053336534,53.01560753015608,52.840276637287644,57.0,7888.0,16.0,0.0
166000.0,3.199958893,2.3245073742864242E-7,166000.0,68.68132530120482,53.01601298542491,53.02722286974042,52.85940971120279,20.0,7888.0,17.0,0.0
167000.0,3.214790954,2.3352916750974334E-7,167000.0,68.67964071856288,53.01354966887585,53.040831717302304,52.85799264546831,44.0,7888.0,16.0,0.0
168000.0,3.229706383,2.3461365922712E-7,168000.0,68.68214285714286,53.01730534292102,53.05423202526901,52.85948517619231,7.0,7888.0,17.0,0.0
169000.0,3.244743534,2.3570700127664748E-7,169000.0,68.6905325443787,53.02989322891288,53.063016712202405,52.86692855170448,31.0,7888.0,16.0,0.0
170000.0,3.259682406,2.3679319752021176E-7,170000.0,68.69647058823529,53.03895631827882,53.07313803989347,52.87950697740313,55.0,7888.0,16.0,0.0
171000.0,3.274565479,2.378753366526237E-7,171000.0,68.69707602339182,53.03976382647622,53.08018652922407,52.88235553012631,18.0,7888.0,17.0,0.0
172000.0,3.289568468,2.389661948040314E-7,172000.0,68.70116279069768,53.04619143553385,53.07725161031649,52.90113735783029,42.0,7888.0,16.0,0.0
173000.0,3.30460884,2.40054510479348E-7,173000.0,68.69826589595375,53.041881909122836,53.07980903364439,52.904751965490846,5.0,6536.0,17.0,0.0
174000.0,3.319437159,2.4113266848191826E-7,174000.0,68.7,53.044391012458505,53.07912330277759,52.90506126613804,29.0,7888.0,16.0,0.0
175000.0,3.33429636,2.42213071895815E-7,175000.0,68.7,53.04416112154789,53.09074403946288,52.899952706479226,53.0,7888.0,16.0,0.0
176000.0,3.349135771,2.4329203639091924E-7,176000.0,68.69772727272728,53.04062526295258,53.094429261066125,52.89953576649824,16.0,7888.0,17.0,0.0
177000.0,3.363931015,2.443677895304747E-7,177000.0,68.69717514124294,53.040325019380305,53.09227291583769,52.89766979231312,40.0,7888.0,16.0,0.0
178000.0,3.378781246,2.4544754074115927E-7,178000.0,68.69494382022472,53.03724969588578,53.08524521153441,52.89209387258218,3.0,7888.0,17.0,0.0
179000.0,3.393632819,2.465273895278428E-7,179000.0,68.69888268156424,53.0429134385413,53.09300359155107,52.90295465052747,27.0,7888.0,16.0,0.0
180000.0,3.40844032,2.476040338663695E-7,180000.0,68.695,53.037582284771034,53.08355189209442,52.900809936559135,51.0,7888.0,16.0,0.0
181000.0,3.423275756,2.4868270934165556E-7,181000.0,68.69668508287293,53.03991787470971,53.07859846132187,52.88820521348689,14.0,7888.0,17.0,0.0
182000.0,3.438070359,2.497584158744932E-7,182000.0,68.68681318681318,53.02522914831579,53.06335911183587,52.87551163848349,38.0,7888.0,16.0,0.0
183000.0,3.452918954,2.5083159467781375E-7,183000.0,68.675956284153,53.00920522768602,53.05318504201405,52.859762666425446,1.0,6208.0,17.0,0.0
184000.0,3.467706718,2.5190680395114545E-7,184000.0,68.66576086956522,52.9938211001896,53.03858403043065,52.84885955658054,25.0,7888.0,16.0,0.0
185000.0,3.482516448,2.529836103588984E-7,185000.0,68.67945945945945,53.01402471387473,53.04951666356056,52.87386237017396,49.0,7888.0,16.0,0.0
186000.0,3.497336047,2.5406113433560353E-7,186000.0,68.6768817204301,53.01015336746203,53.03956022697962,52.878137157369444,12.0,7888.0,17.0,0.0
187000.0,3.512171046,2.55139778036887E-7,187000.0,68.68021390374331,53.015312234692246,53.04831611098195,52.87718846549948,36.0,7888.0,16.0,0.0
188000.0,3.527057686,2.5622217652368665E-7,188000.0,68.67393617021277,53.00649366265656,53.03363797310876,52.87843752250343,60.0,7888.0,16.0,0.0
189000.0,3.541992879,2.573081052694117E-7,189000.0,68.67037037037036,53.001394495512855,53.03276673038636,52.86940049030533,23.0,7888.0,17.0,0.0
190000.0,3.557236834,2.5841648391125716E-7,190000.0,68.67578947368422,53.009736371038464,53.04198259469951,52.874664470714926,47.0,7888.0,16.0,0.0
191000.0,3.575352258,2.5973364530733674E-7,191000.0,68.68167539267016,53.018589687283246,53.04304139289893,52.88363080703855,10.0,7888.0,17.0,0.0
192000.0,3.59047626,2.608333022399391E-7,192000.0,68.66822916666668,52.998637129500516,53.027297997938604,52.874958873204136,34.0,7888.0,16.0,0.0
193000.0,3.609636251,2.622264134635258E-7,193000.0,68.67046632124352,53.00195316193271,53.031374041650814,52.868823708230394,58.0,7888.0,16.0,0.0
194000.0,3.624525617,2.633090101561177E-7,194000.0,68.66494845360825,52.99411873498671,53.02599449819181,52.86098682527004,21.0,7888.0,17.0,0.0
195000.0,3.639348854,2.643867986495771E-7,195000.0,68.66564102564102,52.995210904192845,53.02086697113684,52.85848750906538,45.0,7888.0,16.0,0.0
196000.0,3.659423801,2.658394142831033E-7,196000.0,68.67448979591838,53.008444206084214,53.02946846598734,52.8762539239088,8.0,6536.0,17.0,0.0
197000.0,3.679823844,2.6732268892895003E-7,197000.0,68.66192893401015,52.98973801539552,53.00422486963803,52.858168267688875,32.0,7888.0,16.0,0.0
198000.0,3.694625349,2.6839889730198505E-7,198000.0,68.66262626262626,52.990792831146685,53.006043897783904,52.8639581877298,56.0,7888.0,16.0,0.0
199000.0,3.709457268,2.6947731705835285E-7,199000.0,68.66683417085427,52.996757433844465,53.018784047498855,52.864648297237025,19.0,7888.0,17.0,0.0
200000.0,3.724358313,2.7056076292388956E-7,200000.0,68.6715,53.00361356765647,53.017351269477054,52.86608392134442,43.0,7888.0,16.0,0.0
201000.0,3.740803708,2.7175649753309775E-7,201000.0,68.67313432835822,53.00591404907347,53.018116158299996,52.86548394340893,6.0,7888.0,17.0,0.0
202000.0,3.755774926,2.7284504563453285E-7,202000.0,68.66683168316831,52.99634236909012,53.01013400645903,52.85051289118662,30.0,7888.0,16.0,0.0
203000.0,3.770693099,2.739297368664707E-7,203000.0,68.6679802955665,52.99794337628004,53.015047536030615,52.85204925020199,54.0,7888.0,16.0,0.0
204000.0,3.785625434,2.7501545780876434E-7,204000.0,68.66274509803921,52.99042656698026,53.00517525288168,52.85163250706177,17.0,7888.0,17.0,0.0
205000.0,3.800486527,2.7609599878882355E-7,205000.0,68.6590243902439,52.98491110166993,53.0,52.84926942750416,41.0,7888.0,16.0,0.0
206000.0,3.815400542,2.771803876951253E-7,206000.0,68.66941747572815,53.000552062625374,53.0132498543972,52.856746333196995,4.0,7888.0,17.0,0.0
207000.0,3.830261687,2.782609324560727E-7,207000.0,68.67053140096618,53.00228567823032,53.0224775260958,52.85685208339391,28.0,7888.0,16.0,0.0
208000.0,3.845127376,2.7934180760848015E-7,208000.0,68.6735576923077,53.006786192686064,53.028741142292816,52.864283802455205,52.0,7888.0,16.0,0.0
209000.0,3.860010729,2.8042396709952077E-7,209000.0,68.68038277511963,53.016909175588175,53.04573625616895,52.869599026546766,15.0,7888.0,17.0,0.0
210000.0,3.874853594,2.815031827328518E-7,210000.0,68.67952380952381,53.01550813237355,53.043099570931886,52.872179589146114,39.0,7888.0,16.0,0.0
211000.0,3.88976989,2.825779514293288E-7,211000.0,68.68767772511848,53.027686311539554,53.05732393565622,52.88727573518924,2.0,5352.0,17.0,0.0
212000.0,3.904595153,2.836558872320087E-7,212000.0,68.66981132075472,53.000954291533866,53.0212260314182,52.86486793363328,26.0,7888.0,16.0,0.0
213000.0,3.919456381,2.847364380278354E-7,213000.0,68.66572769953052,52.99497506230868,53.01348164314127,52.861824448399595,50.0,7888.0,16.0,0.0
214000.0,3.934398425,2.858228649055791E-7,214000.0,68.66635514018692,52.99597964470768,53.015450373121254,52.86252565869022,13.0,7888.0,17.0,0.0
215000.0,3.949550582,2.8692456897100626E-7,215000.0,68.67255813953489,53.00510218597261,53.02609738747157,52.874254848730786,37.0,7888.0,16.0,0.0
216000.0,3.964458898,2.880085435065046E-7,216000.0,68.68148148148148,53.01822008419402,53.045699372535935,52.88578731465423,61.0,7888.0,16.0,0.0
217000.0,3.97938373,2.890937189102585E-7,217000.0,68.66774193548387,52.997548105952475,53.028994618344605,52.86487760577343,24.0,7888.0,17.0,0.0
218000.0,3.994298624,2.9017817172811244E-7,218000.0,68.6880733944954,53.02787952652165,53.05364511691884,52.895225345211884,48.0,7888.0,16.0,0.0
219000.0,4.009230402,2.912638521712768E-7,219000.0,68.69315068493151,53.03550373205332,53.04873038047497,52.91459495096558,11.0,7888.0,17.0,0.0
220000.0,4.024110852,2.923458005869635E-7,220000.0,68.70227272727273,53.04904628460707,53.055756303093936,52.92319893888323,35.0,7888.0,16.0,0.0
221000.0,4.038969515,2.934261648832094E-7,221000.0,68.70497737556562,53.05306982615664,53.072648441793724,52.929246181907274,59.0,7888.0,16.0,0.0
222000.0,4.054287864,2.9453995266728083E-7,222000.0,68.7036036036036,53.05111740603289,53.068406725163975,52.92722751817448,22.0,7888.0,17.0,0.0
223000.0,4.076065187,2.961233684993119E-7,223000.0,68.704932735426,53.053475437532406,53.06476561974577,52.93276591152806,46.0,7888.0,16.0,0.0
224000.0,4.093181756,2.973679037594379E-7,224000.0,68.68928571428572,53.02999623168577,53.041056268245,52.90293987295021,9.0,7888.0,17.0,0.0
225000.0,4.108098729,2.9845250774010993E-7,225000.0,68.6951111111111,53.038515659665904,53.045170924217366,52.91333529427493,33.0,7888.0,16.0,0.0
226000.0,4.123002456,2.9953614861222583E-7,226000.0,68.68938053097345,53.029916863409674,53.040719898067536,52.90194616756744,57.0,7888.0,16.0,0.0
227000.0,4.139067705,3.0070424303834616E-7,227000.0,68.7022026431718,53.0487908432171,53.053200557710475,52.91599289558094,20.0,7888.0,17.0,0.0
228000.0,4.156540383,3.0197467076599577E-7,228000.0,68.69692982456141,53.040818590629925,53.04354119241549,52.907836047401624,44.0,7888.0,16.0,0.0
229000.0,4.171457476,3.030592834717944E-7,229000.0,68.69039301310043,53.03125633038949,53.02553821560072,52.90427677169751,7.0,7888.0,17.0,0.0
230000.0,4.18628639,3.0413748473645063E-7,230000.0,68.6904347826087,53.0311287164563,53.01593929626996,52.903782765656885,31.0,7888.0,16.0,0.0
231000.0,4.201188572,3.0522101327256175E-7,231000.0,68.6939393939394,53.03618566706356,53.017417799808996,52.908195824596596,55.0,7888.0,16.0,0.0
232000.0,4.216085864,3.0630418625976454E-7,232000.0,68.69181034482759,53.03284298491258,53.01959160969425,52.89772837808919,18.0,7888.0,17.0,0.0
233000.0,4.230988176,3.073877242480961E-7,233000.0,68.69270386266095,53.033939522156125,53.02050595084754,52.89795180411705,42.0,7888.0,16.0,0.0
234000.0,4.245880507,3.08470536524024E-7,234000.0,68.69145299145299,53.03226520615115,53.0133849834211,52.89526136436701,5.0,7888.0,17.0,0.0
235000.0,4.260703638,3.095483173102883E-7,235000.0,68.6868085106383,53.0255440039091,53.009016833124726,52.891995877265416,29.0,7888.0,16.0,0.0
236000.0,4.275558088,3.106283752818817E-7,236000.0,68.69406779661017,53.03647791414825,53.015618640618634,52.90930761729331,53.0,7888.0,16.0,0.0
237000.0,4.29042898,3.1170639716850364E-7,237000.0,68.68945147679325,53.0294115104929,53.0062188897192,52.900031735956844,16.0,7048.0,17.0,0.0
238000.0,4.305301374,3.1278775983735894E-7,238000.0,68.6844537815126,53.02193590230877,53.00249077781631,52.89496470171845,40.0,7888.0,16.0,0.0
239000.0,4.320231269,3.1387005897415363E-7,239000.0,68.6836820083682,53.02074234774522,53.00654866923256,52.89534466590724,3.0,7048.0,17.0,0.0
240000.0,4.335158179,3.1495538546801625E-7,240000.0,68.67916666666667,53.01422672243214,53.002006964981284,52.88949053966823,27.0,7888.0,16.0,0.0
241000.0,4.350026456,3.1603644879232033E-7,241000.0,68.68340248962656,53.02026144233123,53.00414085120957,52.88855874807273,51.0,7888.0,16.0,0.0
242000.0,4.364943844,3.171210829473885E-7,242000.0,68.68099173553719,53.01666046148282,53.00624376088937,52.88793853651259,14.0,7888.0,17.0,0.0
243000.0,4.379798336,3.182011439727762E-7,243000.0,68.68106995884774,53.016975209096195,53.00187733122546,52.8954111632398,38.0,7888.0,16.0,0.0
244000.0,4.394703587,3.1927644330398673E-7,244000.0,68.67909836065573,53.01388002663826,52.99533785196757,52.893641939162315,1.0,5696.0,17.0,0.0
245000.0,4.409529211,3.203544053547558E-7,245000.0,68.67755102040817,53.011415659920544,52.99176712731549,52.89654918425221,25.0,7888.0,16.0,0.0
246000.0,4.424353985,3.2143230560254486E-7,246000.0,68.67764227642277,53.01143404244078,52.99668763077149,52.89554282640193,49.0,7888.0,16.0,0.0
247000.0,4.439224319,3.225135184900605E-7,247000.0,68.67651821862349,53.00955272021371,52.99660395011026,52.88812840997662,12.0,7888.0,17.0,0.0
248000.0,4.454092706,3.2359458981239727E-7,248000.0,68.67096774193548,53.00129100579789,52.983322440878176,52.88467369289172,36.0,7888.0,16.0,0.0
249000.0,4.468942205,3.246742877998097E-7,249000.0,68.66666666666667,52.99482965301652,52.98187252916787,52.88078270322502,60.0,7888.0,16.0,0.0
250000.0,4.483816694,3.257558027948333E-7,250000.0,68.6696,52.99906049097972,52.98672300785094,52.88066462530605,23.0,7888.0,17.0,0.0
251000.0,4.49866568,3.2683546348232956E-7,251000.0,68.66613545816733,52.99380666122443,52.98365594997549,52.87293645324625,47.0,7888.0,16.0,0.0
252000.0,4.513587992,3.279204556584252E-7,252000.0,68.66666666666667,52.99463557829266,52.98600774039892,52.87123748813723,10.0,7888.0,17.0,0.0
253000.0,4.528463834,3.2900206902925105E-7,253000.0,68.66324110671937,52.98939654614685,52.98575613458733,52.868370052433214,34.0,7888.0,16.0,0.0
254000.0,4.543316249,3.3008197903723947E-7,254000.0,68.65866141732283,52.9828392795409,52.98595608471233,52.868493345332254,58.0,7888.0,16.0,0.0
255000.0,4.560369144,3.31321884599781E-7,255000.0,68.65137254901961,52.97192249067337,52.97152606188963,52.85142172966788,21.0,7888.0,17.0,0.0
256000.0,4.582035332,3.3289721987395414E-7,256000.0,68.64882812500001,52.96783497729539,52.964514900225645,52.84845636401023,45.0,7888.0,16.0,0.0
257000.0,4.597281705,3.3400246115911724E-7,257000.0,68.64552529182879,52.96309448090503,52.96847093980178,52.84186008403853,8.0,7048.0,17.0,0.0
258000.0,4.612305013,3.3509479669258385E-7,258000.0,68.65232558139535,52.97311983237054,52.977941603972134,52.84827284652383,32.0,7888.0,16.0,0.0
259000.0,4.627213192,3.36178761266896E-7,259000.0,68.64864864864865,52.96743045798837,52.97279140073899,52.83703802659014,56.0,7888.0,16.0,0.0
260000.0,4.642274722,3.372738758985985E-7,260000.0,68.64,52.954649548299685,52.96479397292199,52.825461845995406,19.0,7888.0,17.0,0.0
261000.0,4.657149319,3.3835539874623603E-7,261000.0,68.64942528735632,52.96890564256322,52.98332509739476,52.84758518552667,43.0,7888.0,16.0,0.0
262000.0,4.672096818,3.3944222225369234E-7,262000.0,68.6526717557252,52.97373271018861,52.99120838866249,52.851418533359364,6.0,7888.0,17.0,0.0
263000.0,4.686972022,3.405237892359285E-7,263000.0,68.65665399239543,52.979757116696746,52.99561506047111,52.85717553672122,30.0,7888.0,16.0,0.0
264000.0,4.701842095,3.416049831462938E-7,264000.0,68.65227272727272,52.97320667598917,52.98455315498541,52.85465255386298,54.0,7888.0,16.0,0.0
265000.0,4.716767595,3.426902071199191E-7,265000.0,68.66,52.98463601293837,52.99807014267361,52.86308608271705,17.0,7888.0,17.0,0.0
266000.0,4.731743365,3.437790861944893E-7,266000.0,68.6672932330827,52.99586472566173,53.00906610135089,52.873823188487734,41.0,7888.0,16.0,0.0
267000.0,4.746658723,3.448603315139228E-7,267000.0,68.67415730337079,53.00617365027179,53.02944364263291,52.885509083227724,4.0,7048.0,17.0,0.0
268000.0,4.761523595,3.4594114726276007E-7,268000.0,68.6660447761194,52.99398320403424,53.02334427916917,52.87201504054776,28.0,7888.0,16.0,0.0
269000.0,4.77638351,3.4702160259116E-7,269000.0,68.6724907063197,53.003677870937416,53.031434622673046,52.877265381668934,52.0,7888.0,16.0,0.0
270000.0,4.791286869,3.4810521670622105E-7,270000.0,68.67518518518519,53.0077629006362,53.035998867226766,52.88268162649092,15.0,7888.0,17.0,0.0
271000.0,4.806176041,3.4918779929319164E-7,271000.0,68.68044280442804,53.01562400458534,53.046999468932555,52.89194274391834,39.0,7888.0,16.0,0.0
272000.0,4.821074822,3.5026784291142157E-7,272000.0,68.68566176470588,53.02357558838361,53.04989637077215,52.895144342440005,2.0,7048.0,17.0,0.0
273000.0,4.835902195,3.513459321309106E-7,273000.0,68.68058608058608,53.016009815539654,53.04641980461178,52.88471075746388,26.0,7888.0,16.0,0.0
274000.0,4.850758937,3.5242615675242177E-7,274000.0,68.68467153284672,53.022120401817155,53.050995841540825,52.891441246067615,50.0,7888.0,16.0,0.0
275000.0,4.865635398,3.535078151303589E-7,275000.0,68.68618181818181,53.024191739993675,53.059911803023105,52.884241857207726,13.0,7888.0,17.0,0.0
276000.0,4.880530381,3.545908202315844E-7,276000.0,68.68623188405797,53.0241369074817,53.06480430544317,52.88570042357404,37.0,7888.0,16.0,0.0
277000.0,4.895436839,3.5567465967303943E-7,277000.0,68.68375451263537,53.02077492626267,53.060539815155515,52.881554790279296,61.0,7888.0,16.0,0.0
278000.0,4.910394205,3.5676220060402916E-7,278000.0,68.68489208633093,53.022619630209675,53.05967292314827,52.88183112236891,24.0,7888.0,17.0,0.0
279000.0,4.925321152,3.5784752978813914E-7,279000.0,68.68853046594981,53.02796425112904,53.06610362538412,52.89019990616759,48.0,7888.0,16.0,0.0
280000.0,4.940217282,3.5893061828703285E-7,280000.0,68.68678571428572,53.025618253811004,53.06194557611903,52.889688893665046,11.0,7888.0,17.0,0.0
281000.0,4.955129209,3.60014855376132E-7,281000.0,68.69110320284697,53.03198718453095,53.06312987158488,52.887184787323484,35.0,7888.0,16.0,0.0
282000.0,4.970008041,3.610966861480286E-7,282000.0,68.68439716312056,53.022015446125636,53.053065824588266,52.878212242807145,59.0,7888.0,16.0,0.0
283000.0,4.984939917,3.62182373716713E-7,283000.0,68.68621908127209,53.024930339724996,53.05926785212964,52.88181373487313,22.0,7888.0,17.0,0.0
284000.0,4.999863682,3.632674715395497E-7,284000.0,68.67922535211267,53.01439663589197,53.049504636936085,52.87414173094853,46.0,7888.0,16.0,0.0
285000.0,5.014916663,3.643619645786925E-7,285000.0,68.67543859649122,53.00846907370639,53.03762776237644,52.87152442339873,9.0,7888.0,17.0,0.0
286000.0,5.02989695,3.654511720815692E-7,286000.0,68.67482517482517,53.00755782665395,53.033011622481666,52.87589090813455,33.0,7888.0,16.0,0.0
287000.0,5.044773786,3.6653285772552695E-7,287000.0,68.67282229965157,53.00462554128694,53.03198102661081,52.868742890392795,57.0,7888.0,16.0,0.0
288000.0,5.059869,3.676304215002617E-7,288000.0,68.6704861111111,53.00151137614123,53.02481283645185,52.872200401136546,20.0,7888.0,17.0,0.0
289000.0,5.074827357,3.687180344862551E-7,289000.0,68.66505190311418,52.99351534620775,53.02033616932973,52.86138150018218,44.0,7888.0,16.0,0.0
290000.0,5.089839787,3.698095790869968E-7,290000.0,68.67,53.00106927879814,53.02872859055684,52.86693261813484,7.0,7888.0,17.0,0.0
291000.0,5.104847362,3.7090077068365883E-7,291000.0,68.66666666666667,52.996081419838646,53.01767891463521,52.86150028434059,31.0,7888.0,16.0,0.0
292000.0,5.119844471,3.719912013038639E-7,292000.0,68.66335616438356,52.99129417596199,53.016112634400315,52.864119180326185,55.0,7888.0,16.0,0.0
293000.0,5.135035807,3.730957540504115E-7,293000.0,68.66621160409557,52.99554624553675,53.020642506984885,52.86240925007445,18.0,7888.0,17.0,0.0
294000.0,5.156857655,3.746824072679524E-7,294000.0,68.66938775510204,53.00061217428574,53.02708877284594,52.86773472238567,42.0,7888.0,16.0,0.0
295000.0,5.175378603,3.760290540659736E-7,295000.0,68.67322033898306,53.00638596971638,53.028778221666514,52.8711598873975,5.0,7888.0,17.0,0.0
296000.0,5.190281234,3.771126152486E-7,296000.0,68.68108108108109,53.0181738362643,53.03843893740756,52.88521157540583,29.0,7888.0,16.0,0.0
297000.0,5.205137132,3.7819277850338754E-7,297000.0,68.67777777777778,53.01329814218162,53.029002484196084,52.88125978189849,53.0,7888.0,16.0,0.0
298000.0,5.220040182,3.7927637015124764E-7,298000.0,68.67248322147651,53.005393664282785,53.02180936182205,52.87692253332729,16.0,7888.0,17.0,0.0
299000.0,5.234915606,3.8035795312954923E-7,299000.0,68.68060200668896,53.01732911633692,53.03755190467594,52.88491532416305,40.0,7888.0,16.0,0.0
300000.0,5.250123437,3.8146040042498025E-7,300000.0,68.68033333333334,53.0168331423628,53.031772374630094,52.88126413552045,3.0,7048.0,17.0,0.0
301000.0,5.265044378,3.8254529291650465E-7,301000.0,68.68205980066445,53.01931003834886,53.03323202630661,52.88181341064154,27.0,7888.0,16.0,0.0
302000.0,5.279991619,3.836320976649388E-7,302000.0,68.68377483443709,53.02180517595034,53.03631461075881,52.88048108493222,51.0,7888.0,16.0,0.0
303000.0,5.294960122,3.8472044836038494E-7,303000.0,68.67755775577558,53.01239555237073,53.029590660061274,52.87121731271539,14.0,7888.0,17.0,0.0
304000.0,5.309884826,3.858056144573372E-7,304000.0,68.67203947368421,53.00431698450181,53.019727008588326,52.86720346825958,38.0,7888.0,16.0,0.0
305000.0,5.324884389,3.868897044382863E-7,305000.0,68.67213114754098,53.00451551487145,53.01990323722613,52.869974400331465,1.0,6208.0,17.0,0.0
306000.0,5.339786956,3.879732609675119E-7,306000.0,68.67777777777778,53.013015576100905,53.027028351589124,52.872743722249815,25.0,7888.0,16.0,0.0
307000.0,5.354730622,3.8905980577988324E-7,307000.0,68.68306188925082,53.02098883780623,53.04027157056683,52.87962477393807,49.0,7888.0,16.0,0.0
308000.0,5.369691278,3.9014758592476014E-7,308000.0,68.68668831168831,53.02640845870834,53.046649075489526,52.88724103736487,12.0,7888.0,17.0,0.0
309000.0,5.384604918,3.912319475650413E-7,309000.0,68.68640776699029,53.02589446850404,53.05126276717047,52.88368831624156,36.0,7888.0,16.0,0.0
310000.0,5.399536604,3.9231762131894195E-7,310000.0,68.68387096774194,53.02201019740915,53.046329749415975,52.882477989497076,60.0,7888.0,16.0,0.0
311000.0,5.4145835,3.934116719214575E-7,311000.0,68.68842443729903,53.028817457753405,53.054298097180244,52.8910067243965,23.0,7888.0,17.0,0.0
312000.0,5.42952359,3.944979567250566E-7,312000.0,68.68589743589743,53.02508550271229,53.04464843562263,52.8902347291068,47.0,7888.0,16.0,0.0
313000.0,5.444552044,3.9559066642103487E-7,313000.0,68.68338658146965,53.02143197122008,53.03933310975902,52.88878849194716,10.0,7888.0,17.0,0.0
314000.0,5.459591663,3.9668418791733247E-7,314000.0,68.68566878980891,53.02489151896307,53.043009006771804,52.89160378488441,34.0,7888.0,16.0,0.0
315000.0,5.474695509,3.977823793195062E-7,315000.0,68.69396825396825,53.03721089991627,53.05727056785021,52.90617433703122,58.0,7888.0,16.0,0.0
316000.0,5.48983453,3.9888312827440993E-7,316000.0,68.69335443037976,53.03609269317201,53.06060476658174,52.9037356527038,21.0,7888.0,17.0,0.0
317000.0,5.504881526,3.999771861478643E-7,317000.0,68.68296529968454,53.02044947243103,53.04703573202166,52.88771829916477,45.0,7888.0,16.0,0.0
318000.0,5.519868922,4.0106166849969553E-7,318000.0,68.68805031446541,53.0279416894915,53.05112077176239,52.89498209411353,8.0,6536.0,17.0,0.0
319000.0,5.534833514,4.021497348287244E-7,319000.0,68.6884012539185,53.0285024687141,53.04283236097464,52.903788575335355,32.0,7888.0,16.0,0.0
320000.0,5.550547869,4.032923159667806E-7,320000.0,68.6915625,53.03309881519439,53.04343342972708,52.90481495583666,56.0,7888.0,16.0,0.0
321000.0,5.57245819,4.048854020020239E-7,321000.0,68.69127725856697,53.03269969783161,53.05139536404659,52.90597689838569,19.0,7888.0,17.0,0.0
322000.0,5.588500344,4.0605181720482367E-7,322000.0,68.69503105590063,53.03834968234391,53.05552192095975,52.911664408838234,43.0,7888.0,16.0,0.0
323000.0,5.60350102,4.071392474035047E-7,323000.0,68.69597523219815,53.040009412501156,53.05282903228802,52.915975934583805,6.0,7048.0,17.0,0.0
324000.0,5.618564893,4.0823453239330373E-7,324000.0,68.6962962962963,53.04047674451746,53.053790217688146,52.91233739101367,30.0,7888.0,16.0,0.0
325000.0,5.633774805,4.093404357894466E-7,325000.0,68.69692307692307,53.04128904133152,53.05174068741463,52.91419632236894,54.0,7888.0,16.0,0.0
326000.0,5.652363669,4.1069202071827706E-7,326000.0,68.69171779141105,53.03346137873752,53.0459304786265,52.90445230921147,17.0,7888.0,17.0,0.0
327000.0,5.66723855,4.1177356421538084E-7,327000.0,68.69418960244649,53.036899614344556,53.045807513955076,52.904101396268956,41.0,7888.0,16.0,0.0
328000.0,5.682250739,4.128618290153743E-7,328000.0,68.69329268292684,53.03548855284269,53.04237280384859,52.90281153969637,4.0,7048.0,17.0,0.0
329000.0,5.697185982,4.139477613965688E-7,329000.0,68.69483282674771,53.037999495797536,53.039394492066386,52.90927878416562,28.0,7888.0,16.0,0.0
330000.0,5.71216708,4.1503702786675934E-7,330000.0,68.69484848484848,53.03785627531711,53.03351988325097,52.90849002849002,52.0,7888.0,16.0,0.0
331000.0,5.727148919,4.1612634821460654E-7,331000.0,68.69184290030212,53.03322423786992,53.02506266800238,52.904017451372475,15.0,7888.0,17.0,0.0
332000.0,5.742004614,4.1720649670938825E-7,332000.0,68.69789156626506,53.04217044688776,53.03870399240832,52.908043737340314,39.0,7888.0,16.0,0.0
333000.0,5.756904824,4.1828664391879995E-7,333000.0,68.70060060060061,53.04611308115227,53.04180539473863,52.91111904256329,2.0,7048.0,17.0,0.0
334000.0,5.771721793,4.193639766698141E-7,334000.0,68.6997005988024,53.044892023047574,53.037388425445506,52.90898280195674,26.0,7888.0,16.0,0.0
335000.0,5.786603857,4.2044604243845334E-7,335000.0,68.70179104477612,53.04819853765477,53.042103518852755,52.91536810339408,50.0,7888.0,16.0,0.0
336000.0,5.801665326,4.2154115263488317E-7,336000.0,68.70654761904763,53.05535888523312,53.045986763957245,52.926586857444725,13.0,7888.0,17.0,0.0
337000.0,5.816710204,4.226350565098533E-7,337000.0,68.70474777448071,53.05256770498181,53.041933444348466,52.923085163841854,37.0,7888.0,16.0,0.0
338000.0,5.831767097,4.237298339881227E-7,338000.0,68.70650887573964,53.0551632938692,53.04719162971151,52.92641135761811,61.0,7888.0,16.0,0.0
339000.0,5.846670315,4.2481343785116004E-7,339000.0,68.7070796460177,53.05606994510931,53.051479049018404,52.92919611836589,24.0,7888.0,17.0,0.0
340000.0,5.861543114,4.2589482996731756E-7,340000.0,68.70294117647059,53.049999415022874,53.04660921594324,52.922803307481644,48.0,7888.0,16.0,0.0
341000.0,5.876443135,4.269782013784408E-7,341000.0,68.69736070381232,53.0414080945736,53.035022879267856,52.909880181404304,11.0,7888.0,17.0,0.0
342000.0,5.891557976,4.2807719222033776E-7,342000.0,68.69795321637427,53.04234860270477,53.039721009804154,52.912896798342665,35.0,7888.0,16.0,0.0
343000.0,5.906540931,4.291665937118622E-7,343000.0,68.6991253644315,53.044268666559645,53.039309599730565,52.91986967255888,59.0,7888.0,16.0,0.0
344000.0,5.921497141,4.302540505907992E-7,344000.0,68.69476744186046,53.03761678586949,53.02958930876862,52.913553148788615,22.0,7888.0,17.0,0.0
345000.0,5.93645321,4.3134149721771243E-7,345000.0,68.69304347826088,53.034962834923775,53.026085746344606,52.915097300690526,46.0,7888.0,16.0,0.0
346000.0,5.951370898,4.32426153185597E-7,346000.0,68.69017341040463,53.03054762190945,53.02494189475144,52.909981612932654,9.0,7888.0,17.0,0.0
347000.0,5.966234798,4.3350689826090896E-7,347000.0,68.6864553314121,53.02481573110136,53.02047663519076,52.89992024135658,33.0,7888.0,16.0,0.0
348000.0,5.981109597,4.345884357958429E-7,348000.0,68.68620689655172,53.02446097922145,53.01695704474021,52.90324532477019,57.0,7888.0,16.0,0.0
349000.0,5.995993199,4.356706133915212E-7,349000.0,68.68882521489972,53.02844544383978,53.023815665033105,52.91207749452747,20.0,7888.0,17.0,0.0
350000.0,6.010842619,4.3675030563489194E-7,350000.0,68.68942857142856,53.02918725158212,53.025620362551486,52.91056673011889,44.0,7888.0,16.0,0.0
351000.0,6.02572241,4.378322061350918E-7,351000.0,68.68490028490028,53.022365125321556,53.02052434969183,52.901956919490786,7.0,7888.0,17.0,0.0
352000.0,6.040576031,4.389122038306024E-7,352000.0,68.67869318181819,53.013033282109724,53.011899282292575,52.891032926839685,31.0,7888.0,16.0,0.0
353000.0,6.055553119,4.400011787361463E-7,353000.0,68.68498583569405,53.02241926613562,53.024418021570796,52.901928369960714,55.0,7888.0,16.0,0.0
354000.0,6.07043119,4.410829541761984E-7,354000.0,68.67909604519774,53.01381013742468,53.02063471886784,52.89869540652254,18.0,7888.0,17.0,0.0
355000.0,6.085271891,4.4216201246641343E-7,355000.0,68.68338028169015,53.02028645845469,53.02473961084234,52.9089345696217,42.0,7888.0,16.0,0.0
356000.0,6.100159524,4.4324124794293996E-7,356000.0,68.68342696629213,53.020163413090025,53.02269921330181,52.903231257313536,5.0,7048.0,17.0,0.0
357000.0,6.115002151,4.4432044627143666E-7,357000.0,68.68067226890756,53.0161868840482,53.0251532427811,52.89890177476904,29.0,7888.0,16.0,0.0
358000.0,6.12995429,4.4540760715045424E-7,358000.0,68.68463687150837,53.02201318833808,53.02997293469972,52.90151282816103,53.0,7888.0,16.0,0.0
359000.0,6.144848468,4.464905537206222E-7,359000.0,68.68523676880223,53.022807348858606,53.03151843310271,52.89888468983316,16.0,7888.0,17.0,0.0
360000.0,6.159713417,4.475713750680823E-7,360000.0,68.68666666666667,53.02509032434406,53.03684879288436,52.90165701536688,40.0,7888.0,16.0,0.0
361000.0,6.174607453,4.4865107471139456E-7,361000.0,68.69252077562327,53.033948406963994,53.049380818457884,52.916180636560576,3.0,7048.0,17.0,0.0
362000.0,6.189438642,4.49729441389909E-7,362000.0,68.69337016574586,53.03520870822956,53.052635067399066,52.91668917038152,27.0,7888.0,16.0,0.0
363000.0,6.204279871,4.5080853807068097E-7,363000.0,68.69338842975206,53.03525893171113,53.05133480405523,52.916537194705114,51.0,7888.0,16.0,0.0
364000.0,6.219154541,4.5189006622610383E-7,364000.0,68.69505494505495,53.03776869459187,53.050579296932945,52.92197731826727,14.0,7888.0,17.0,0.0
365000.0,6.234005833,4.529698945814493E-7,365000.0,68.69835616438357,53.042573124725614,53.05672998303073,52.92753169381121,38.0,7888.0,16.0,0.0
366000.0,6.248906812,4.5404355963717503E-7,366000.0,68.7035519125683,53.05057500502862,53.064753389688136,52.936318477461455,1.0,5352.0,17.0,0.0
367000.0,6.263716635,4.551203728069011E-7,367000.0,68.69891008174388,53.0436022925835,53.06531020816735,52.93011325455231,25.0,7888.0,16.0,0.0
368000.0,6.278575313,4.5620073819378785E-7,368000.0,68.70108695652173,53.0468833924882,53.072989875532194,52.93434999713962,49.0,7888.0,16.0,0.0
369000.0,6.293473907,4.572807682559989E-7,369000.0,68.69728997289974,53.041209470196236,53.06596777798095,52.93170825132537,12.0,7048.0,17.0,0.0
370000.0,6.308343235,4.5836190799787E-7,370000.0,68.69621621621621,53.03962340213363,53.06455730570201,52.93065822465874,36.0,7888.0,16.0,0.0
371000.0,6.323243639,4.594453072566889E-7,371000.0,68.69649595687332,53.040001296659455,53.06745119275176,52.92954184364969,60.0,7888.0,16.0,0.0
372000.0,6.338121695,4.6052708160610026E-7,372000.0,68.69623655913979,53.03972501554792,53.063659301416365,52.926290939372144,23.0,7888.0,17.0,0.0
373000.0,6.352985862,4.616078460948188E-7,373000.0,68.69624664879356,53.039771734190076,53.06632687924818,52.92365005704978,47.0,7888.0,16.0,0.0
374000.0,6.367844711,4.626882239150109E-7,374000.0,68.69652406417113,53.040151146148695,53.06599424324303,52.92464324056986,10.0,7888.0,17.0,0.0
375000.0,6.382691734,4.6376774187397816E-7,375000.0,68.69733333333333,53.04123372278987,53.07152908817603,52.91888097864232,34.0,7888.0,16.0,0.0
376000.0,6.397566422,4.6484927133817E-7,376000.0,68.69627659574468,53.03955840532346,53.07405561646566,52.91844669514711,58.0,7888.0,16.0,0.0
377000.0,6.412459415,4.659321317477129E-7,377000.0,68.69522546419098,53.03823831950136,53.07190374131672,52.9163242346145,21.0,7888.0,17.0,0.0
378000.0,6.427315188,4.670122859138269E-7,378000.0,68.69550264550264,53.03878121585285,53.07044331458758,52.91582775607001,45.0,7888.0,16.0,0.0
379000.0,6.44220003,4.680945536691466E-7,379000.0,68.6957783641161,53.03907268600098,53.071774952732795,52.917949776183384,8.0,7888.0,17.0,0.0
380000.0,6.457021055,4.691721813294393E-7,380000.0,68.69526315789474,53.03851166665737,53.06969441134931,52.91887313686843,32.0,7888.0,16.0,0.0
381000.0,6.471855004,4.7025074868586516E-7,381000.0,68.69868766404198,53.04358074233948,53.07131108190425,52.917721094209554,56.0,7888.0,16.0,0.0
382000.0,6.486739761,4.713330102608868E-7,382000.0,68.69424083769633,53.03696238943151,53.06409199733113,52.91162168015276,19.0,7888.0,17.0,0.0
383000.0,6.501609572,4.7241418512139244E-7,383000.0,68.68929503916449,53.02967296069383,53.05943508486253,52.90439891450767,43.0,7888.0,16.0,0.0
384000.0,6.516542621,4.734999579781892E-7,384000.0,68.68645833333333,53.02538623019174,53.05554362636203,52.90274568172026,6.0,7888.0,17.0,0.0
385000.0,6.531745373,4.7460534077511257E-7,385000.0,68.69038961038962,53.0311232490877,53.05722686293982,52.91052210090436,30.0,7888.0,16.0,0.0
386000.0,6.546659833,4.75689762037092E-7,386000.0,68.68937823834197,53.02961441200188,53.05261522326023,52.913056352075806,54.0,7888.0,16.0,0.0
387000.0,6.561572627,4.7677406216523074E-7,387000.0,68.68733850129199,53.02661181510837,53.05084286096184,52.90706938026823,17.0,7888.0,17.0,0.0
388000.0,6.576437493,4.778548774778116E-7,388000.0,68.6868556701031,53.02614918051161,53.04758813117847,52.91110490984917,41.0,7888.0,16.0,0.0
389000.0,6.59138259,4.789317213820498E-7,389000.0,68.6853470437018,53.02402178759995,53.048056613373205,52.907201509270564,4.0,5352.0,17.0,0.0
390000.0,6.606335627,4.80018947554098E-7,390000.0,68.68410256410257,53.022253514582275,53.04674104431134,52.9038850862817,28.0,7888.0,16.0,0.0
391000.0,6.621410135,4.811150058082406E-7,391000.0,68.68644501278773,53.025778906106524,53.04629945658634,52.90705724879609,52.0,7888.0,16.0,0.0
392000.0,6.636731435,4.822290081577166E-7,392000.0,68.67933673469388,53.01521371806135,53.03781393676511,52.90180027082702,15.0,7888.0,17.0,0.0
393000.0,6.652067513,4.833440850065315E-7,393000.0,68.67557251908397,53.009558101360746,53.03271933706716,52.891812462690005,39.0,7888.0,16.0,0.0
394000.0,6.667393868,4.844551243532054E-7,394000.0,68.67411167512691,53.00757598252108,53.03143313798615,52.88980495438758,2.0,7048.0,17.0,0.0
395000.0,6.68266896,4.855657669472713E-7,395000.0,68.67215189873419,53.004651861594866,53.02564998045028,52.88489362026165,26.0,7888.0,16.0,0.0
396000.0,6.697996624,4.866802320192938E-7,396000.0,68.6770202020202,53.011935195151715,53.03136442638655,52.893660492866005,50.0,7888.0,16.0,0.0
397000.0,6.71375341,4.878258982894008E-7,397000.0,68.6735516372796,53.006796026767375,53.022633869213095,52.88952528145219,13.0,7888.0,17.0,0.0
398000.0,6.729606375,4.889785576757558E-7,398000.0,68.67386934673367,53.0072967260818,53.02384639440558,52.89232466580521,37.0,7888.0,16.0,0.0
399000.0,6.744758164,4.900802349841281E-7,399000.0,68.6751879699248,53.0090938479339,53.029027554379695,52.891113514980425,61.0,7888.0,16.0,0.0
400000.0,6.759871548,4.911791198884465E-7,400000.0,68.67575000000001,53.00987574286143,53.02548606476864,52.8894888029959,24.0,7888.0,17.0,0.0
401000.0,6.774837738,4.922673024070777E-7,401000.0,68.6780548628429,53.01323712414836,53.028093165193205,52.891557679252585,48.0,7888.0,16.0,0.0
402000.0,6.790106947,4.933775172518128E-7,402000.0,68.67661691542288,53.01101936745126,53.026143010624324,52.886417803785704,11.0,7888.0,17.0,0.0
403000.0,6.805120845,4.944691685899364E-7,403000.0,68.67717121588089,53.01180947789159,53.02892737272179,52.88745404669043,35.0,7888.0,16.0,0.0
404000.0,6.820049342,4.955546104735981E-7,404000.0,68.675,53.0086954038527,53.02499953601455,52.88719626829277,59.0,7888.0,16.0,0.0
405000.0,6.835179486,4.966547139872627E-7,405000.0,68.67629629629629,53.0106867509611,53.02662272744102,52.891088888311245,22.0,7888.0,17.0,0.0
406000.0,6.85019196,4.977462617872175E-7,406000.0,68.68054187192118,53.017059352165965,53.031629415393255,52.893299843665496,46.0,7888.0,16.0,0.0
407000.0,6.865247089,4.988409110061261E-7,407000.0,68.67837837837838,53.0138518457936,53.032396405557456,52.88954751733211,9.0,7888.0,17.0,0.0
408000.0,6.880163408,4.999254674348583E-7,408000.0,68.67965686274509,53.01575242917929,53.03571559828588,52.892884922346454,33.0,7888.0,16.0,0.0
409000.0,6.895058464,5.010084778438691E-7,409000.0,68.68092909535453,53.01758184065149,53.040739939658124,52.89239482200647,57.0,7888.0,16.0,0.0
410000.0,6.909892105,5.020870228058034E-7,410000.0,68.68243902439023,53.019792293125704,53.04232707484585,52.89659422735477,20.0,7888.0,17.0,0.0
411000.0,6.924822743,5.031726203602652E-7,411000.0,68.68613138686132,53.025316093926556,53.04890283275269,52.90320455817936,44.0,7888.0,16.0,0.0
412000.0,6.939715612,5.04255471753844E-7,412000.0,68.67645631067961,53.010840161643024,53.03030303030303,52.890736792921174,7.0,7888.0,17.0,0.0
413000.0,6.954570864,5.053355880383668E-7,413000.0,68.67384987893462,53.00700483884615,53.02453760520526,52.888718957104366,31.0,7888.0,16.0,0.0
414000.0,6.969444216,5.06417020362816E-7,414000.0,68.67415458937198,53.007494057594315,53.02552846235204,52.88901643393732,55.0,7888.0,16.0,0.0
415000.0,6.984395621,5.075041278731427E-7,415000.0,68.67638554216867,53.01074824546658,53.02991432917686,52.89357723695082,18.0,7888.0,17.0,0.0
416000.0,6.999767328,5.086217952847499E-7,416000.0,68.67980769230769,53.01575400149628,53.03828173714962,52.89753953162168,42.0,7888.0,16.0,0.0
417000.0,7.014779919,5.097100892265593E-7,417000.0,68.67266187050359,53.004981746530014,53.02893016633228,52.886463716788626,5.0,7048.0,17.0,0.0
418000.0,7.029618756,5.107890119864747E-7,418000.0,68.677990430622,53.01284324093908,53.0350750069949,52.89364136476971,29.0,7888.0,16.0,0.0
419000.0,7.04538014,5.119350125743487E-7,419000.0,68.68066825775657,53.01691353795859,53.032043779684244,52.904612712323654,53.0,7888.0,16.0,0.0
420000.0,7.067196009,5.135212310624574E-7,420000.0,68.68285714285715,53.020071770524325,53.032337313603385,52.90436003107914,16.0,7888.0,17.0,0.0
421000.0,7.082985903,5.146693045949891E-7,421000.0,68.6790973871734,53.014473795272984,53.03326043440164,52.90005715102157,40.0,7888.0,16.0,0.0
422000.0,7.097863484,5.15745840774619E-7,422000.0,68.6824644549763,53.01955158769255,53.03666167989169,52.905290315223816,3.0,6536.0,17.0,0.0
423000.0,7.112661391,5.168217875392752E-7,423000.0,68.68156028368794,53.01839095579183,53.03200051053331,52.90644351702417,27.0,7888.0,16.0,0.0
424000.0,7.127686873,5.179142811429517E-7,424000.0,68.67594339622642,53.009961870233134,53.0242741282288,52.89431776668829,51.0,7888.0,16.0,0.0
425000.0,7.149445626,5.194963467616439E-7,425000.0,68.6795294117647,53.0152202306857,53.02736235893599,52.90054808770819,14.0,7888.0,17.0,0.0
426000.0,7.167496285,5.208087991341965E-7,426000.0,68.67816901408452,53.01319145435963,53.02717735689644,52.89684192689763,38.0,7888.0,16.0,0.0
427000.0,7.182560165,5.218955423288892E-7,427000.0,68.68313817330211,53.02045058152349,53.03103212096731,52.901335230574695,1.0,5696.0,17.0,0.0
428000.0,7.197434566,5.229770509254866E-7,428000.0,68.67990654205607,53.015559953634735,53.0247439226529,52.89648823202828,25.0,7888.0,16.0,0.0
429000.0,7.21222736,5.24052625927041E-7,429000.0,68.67808857808858,53.01296753069727,53.017954231569384,52.8970698038006,49.0,7888.0,16.0,0.0
430000.0,7.227025061,5.251285577135633E-7,430000.0,68.67860465116279,53.01360866280819,53.014355736189366,52.89686286853426,12.0,7888.0,17.0,0.0
431000.0,7.241771336,5.262007503470879E-7,431000.0,68.68074245939675,53.016707976512556,53.014518279248016,52.900249829027615,36.0,7888.0,16.0,0.0
432000.0,7.256580768,5.272775350874432E-7,432000.0,68.68425925925926,53.021906885192664,53.02328973091976,52.90193880357473,60.0,7888.0,16.0,0.0
433000.0,7.271392861,5.283545133074804E-7,433000.0,68.68452655889146,53.02220135365948,53.02277561823989,52.901701979854124,23.0,7888.0,17.0,0.0
434000.0,7.286164211,5.294285291289142E-7,434000.0,68.6799539170507,53.01543561236163,53.0135433157964,52.89369901371648,47.0,7888.0,16.0,0.0
435000.0,7.300967827,5.30499713228893E-7,435000.0,68.67999999999999,53.015646862995695,53.014491354158764,52.89655649287788,10.0,6536.0,17.0,0.0
436000.0,7.315722302,5.315725020794009E-7,436000.0,68.68440366972477,53.02225176535802,53.01890103537622,52.90611645160956,34.0,7888.0,16.0,0.0
437000.0,7.330604806,5.32654599840171E-7,437000.0,68.68535469107552,53.02365209195449,53.01943147486955,52.9067426518413,58.0,7888.0,16.0,0.0
438000.0,7.34542961,5.337325022692417E-7,438000.0,68.68173515981735,53.018179551721424,53.01584474479205,52.901954321343716,21.0,7888.0,17.0,0.0
439000.0,7.36022668,5.348083881761401E-7,439000.0,68.68177676537586,53.01823493772897,53.01822381842476,52.90315287540594,45.0,7888.0,16.0,0.0
440000.0,7.375066653,5.358841686801527E-7,440000.0,68.68295454545455,53.02013278954054,53.021655825116945,52.905089032434475,8.0,7048.0,17.0,0.0
441000.0,7.389843877,5.369586115965328E-7,441000.0,68.68163265306121,53.01798767236657,53.01701557322954,52.899410705516445,32.0,7888.0,16.0,0.0
442000.0,7.404621711,5.380330988656397E-7,442000.0,68.68122171945701,53.01737686979882,53.0193347383854,52.90040727168797,56.0,7888.0,16.0,0.0
443000.0,7.419416372,5.391088096156218E-7,443000.0,68.68465011286682,53.02264871787937,53.023104612456784,52.90956798609626,19.0,7888.0,17.0,0.0
444000.0,7.43421741,5.401849840333724E-7,444000.0,68.68288288288288,53.0199035817572,53.01781665703695,52.90690979536817,43.0,7888.0,16.0,0.0
445000.0,7.449014674,5.412576684731575E-7,445000.0,68.67932584269663,53.01451870131015,53.01128050219474,52.90490221255085,6.0,7048.0,17.0,0.0
446000.0,7.463762913,5.423300039079204E-7,446000.0,68.67421524663678,53.00676780896125,53.006370626500996,52.89657427792144,30.0,7888.0,16.0,0.0
447000.0,7.478547492,5.434049816018507E-7,447000.0,68.67225950782998,53.00373061391905,53.004131246790834,52.8902988363448,54.0,7888.0,16.0,0.0
448000.0,7.493373227,5.444829517233618E-7,448000.0,68.6703125,53.000853124389494,52.99875428632661,52.89037615334785,17.0,7888.0,17.0,0.0
449000.0,7.508201156,5.455610813692707E-7,449000.0,68.67149220489978,53.0026346617678,53.00278979636157,52.89561455207886,41.0,7888.0,16.0,0.0
450000.0,7.52307233,5.466371539407842E-7,450000.0,68.67622222222222,53.00962279654557,53.01073082269642,52.90098169594826,4.0,6536.0,17.0,0.0
451000.0,7.537852152,5.477117857561548E-7,451000.0,68.67804878048781,53.01235110791447,53.01509376226494,52.901991117986746,28.0,7888.0,16.0,0.0
452000.0,7.552628384,5.487861565448218E-7,452000.0,68.67787610619469,53.012081560613176,53.01489109620638,52.900628763431925,52.0,7888.0,16.0,0.0
453000.0,7.56745183,5.498639602345434E-7,453000.0,68.67615894039734,53.009476934392254,53.01454957251938,52.899450316001904,15.0,7888.0,17.0,0.0
454000.0,7.582271796,5.50941510895594E-7,454000.0,68.67246696035242,53.00411938370429,53.0130989940369,52.89810435957556,39.0,7888.0,16.0,0.0
455000.0,7.59716366,5.520210530861094E-7,455000.0,68.66901098901099,52.99895882780055,53.00609856601286,52.895694209933296,2.0,7048.0,17.0,0.0
456000.0,7.611949298,5.530961077792818E-7,456000.0,68.66622807017544,52.994620183197384,53.00026973151846,52.88744979853468,26.0,7888.0,16.0,0.0
457000.0,7.627176532,5.54203270647447E-7,457000.0,68.66411378555799,52.99158953070716,53.0027009376159,52.88425790362009,50.0,7888.0,16.0,0.0
458000.0,7.648900117,5.557827792223749E-7,458000.0,68.66855895196507,52.998130998985424,53.008327629851095,52.88799004560243,13.0,7888.0,17.0,0.0
459000.0,7.666028252,5.570281554392848E-7,459000.0,68.66688453159041,52.99553902554425,53.00600907733378,52.882533130211144,37.0,7888.0,16.0,0.0
460000.0,7.680816196,5.581033778003063E-7,460000.0,68.66391304347826,52.99117949175183,53.00388955363052,52.87821877012499,61.0,7888.0,16.0,0.0
461000.0,7.695603963,5.591785872917662E-7,461000.0,68.66876355748374,52.99853989996791,53.01425476405795,52.89042981363219,24.0,7888.0,17.0,0.0
462000.0,7.71038981,5.602536571812008E-7,462000.0,68.66796536796537,52.99730691256628,53.01460969933427,52.88829872061499,48.0,7888.0,16.0,0.0
463000.0,7.726183012,5.614019712363886E-7,463000.0,68.66911447084233,52.99904868750488,53.015291034938436,52.889711613406064,11.0,7888.0,17.0,0.0
464000.0,7.740990111,5.624785863457412E-7,464000.0,68.66788793103449,52.99721638785573,53.0111992760064,52.89014906027221,35.0,7888.0,16.0,0.0
465000.0,7.755787736,5.6355451260635E-7,465000.0,68.6705376344086,53.00109719806881,53.01580953732431,52.894576871839305,59.0,7888.0,16.0,0.0
466000.0,7.770601428,5.64631607088699E-7,466000.0,68.66845493562231,52.9981306880908,53.01286631009159,52.89234333207502,22.0,7888.0,17.0,0.0
467000.0,7.785381628,5.657062663882183E-7,467000.0,68.66937901498929,52.99952793355253,53.01986270140445,52.894323391541754,46.0,7888.0,16.0,0.0
468000.0,7.800196469,5.667802250212864E-7,468000.0,68.66688034188034,52.99579046184586,53.020196583496734,52.89191151431821,9.0,7048.0,17.0,0.0
469000.0,7.814999226,5.678565244264754E-7,469000.0,68.6684434968017,52.998163913970764,53.02149671347092,52.896506625806985,33.0,7888.0,16.0,0.0
470000.0,7.830036809,5.689498978864586E-7,470000.0,68.67042553191489,53.00114084385144,53.02462834173419,52.899310997805685,57.0,7888.0,16.0,0.0
471000.0,7.844894704,5.700302063418944E-7,471000.0,68.67112526539279,53.00216817061848,53.02748146521127,52.89943661522256,20.0,7888.0,17.0,0.0
472000.0,7.859724767,5.711084911496377E-7,472000.0,68.67203389830509,53.003601426654015,53.026163640291244,52.89822987707568,44.0,7888.0,16.0,0.0
473000.0,7.874582655,5.721855703492564E-7,473000.0,68.6706131078224,53.001491281872816,53.025980448096156,52.89442983975815,7.0,7048.0,17.0,0.0
474000.0,7.8893846,5.732618107144223E-7,474000.0,68.67236286919831,53.004097518898995,53.028462613954844,52.8968980272862,31.0,7888.0,16.0,0.0
475000.0,7.904191609,5.7433841927993E-7,475000.0,68.67242105263158,53.004078777504546,53.03167078043823,52.892051803990725,55.0,7888.0,16.0,0.0
476000.0,7.919054945,5.75419123347147E-7,476000.0,68.67121848739495,53.00220046899956,53.03341910409968,52.89098507990763,18.0,7888.0,17.0,0.0
477000.0,7.93389169,5.764978939990222E-7,477000.0,68.66834381551362,52.9980770890608,53.028512521371816,52.88621282095739,42.0,7888.0,16.0,0.0
478000.0,7.948758474,5.775788487682097E-7,478000.0,68.66820083682008,52.997961423134676,53.02652502422913,52.88495719988799,5.0,7888.0,17.0,0.0
479000.0,7.963583681,5.786567804991638E-7,479000.0,68.67265135699374,53.00455978916937,53.033930823810735,52.89297968588623,29.0,7888.0,16.0,0.0
480000.0,7.978400983,5.797341374624043E-7,480000.0,68.66854166666667,52.99854764727133,53.02703293614231,52.88827211157127,53.0,7888.0,16.0,0.0
481000.0,7.99325596,5.808142337518453E-7,481000.0,68.66881496881497,52.99892301822248,53.02451279877312,52.88381574093181,16.0,7888.0,17.0,0.0
482000.0,8.00806488,5.818909812649938E-7,482000.0,68.66701244813278,52.99626928317569,53.02108413122056,52.88140246660905,40.0,7888.0,16.0,0.0
483000.0,8.022899741,5.829663911894956E-7,483000.0,68.66935817805383,52.9998795505886,53.0269402806706,52.885079408568835,3.0,7048.0,17.0,0.0
484000.0,8.038220457,5.840803510766889E-7,484000.0,68.66673553719008,52.995903721054894,53.0235915100301,52.88304102651732,27.0,7888.0,16.0,0.0
485000.0,8.059953327,5.856605347582862E-7,485000.0,68.6659793814433,52.99460434266283,53.01882709370266,52.88321722334353,51.0,7888.0,16.0,0.0
486000.0,8.076531705,5.868659384800657E-7,486000.0,68.66584362139918,52.99442339136549,53.0161668517833,52.8865073570359,14.0,7888.0,17.0,0.0
487000.0,8.091350876,5.879434313371527E-7,487000.0,68.66386036960985,52.99149159709574,53.014218242947834,52.8814773418468,38.0,7888.0,16.0,0.0
488000.0,8.106189855,5.890159151462753E-7,488000.0,68.6641393442623,52.99211713784784,53.01277008923084,52.885518949745666,1.0,6208.0,17.0,0.0
489000.0,8.121079694,5.900985462304079E-7,489000.0,68.6601226993865,52.98614904006615,53.00921099432132,52.87772659906157,25.0,7888.0,16.0,0.0
490000.0,8.140131479,5.914837898619347E-7,490000.0,68.66204081632652,52.989119401898456,53.01252746311222,52.87973217217328,49.0,7888.0,16.0,0.0
491000.0,8.155130752,5.925743778252559E-7,491000.0,68.65947046843178,52.98528066013759,53.004950479930855,52.87571391385567,12.0,7888.0,17.0,0.0
492000.0,8.170068303,5.936604780197184E-7,492000.0,68.65995934959349,52.98612314425222,53.00770440443247,52.88076029825204,36.0,7888.0,16.0,0.0
493000.0,8.184976544,5.947444471020127E-7,493000.0,68.6604462474645,52.98683985655524,53.009017777034316,52.877882152006826,60.0,7888.0,16.0,0.0
494000.0,8.199904234,5.958298303091981E-7,494000.0,68.66093117408907,52.987717827548785,53.01046842324118,52.87860110487148,23.0,7888.0,17.0,0.0
495000.0,8.214749002,5.969091843084949E-7,495000.0,68.66222222222223,52.989669192744174,53.009993426573,52.87910085054678,47.0,7888.0,16.0,0.0
496000.0,8.22958046,5.979875705458348E-7,496000.0,68.66471774193549,52.99340922620036,53.01218660531543,52.88398868655514,10.0,7888.0,17.0,0.0
497000.0,8.244391834,5.990644964878219E-7,497000.0,68.65975855130785,52.98604032041918,53.00235650513091,52.87780557681662,34.0,7888.0,16.0,0.0
498000.0,8.259204887,6.001415445088719E-7,498000.0,68.65401606425704,52.97744222295388,52.994049841610156,52.87086684539768,58.0,7888.0,16.0,0.0
499000.0,8.274049642,6.012208975629466E-7,499000.0,68.6569138276553,52.98165093806813,53.00095859990323,52.872652325753066,21.0,7888.0,17.0,0.0
500000.0,8.288891355,6.023000294350625E-7,500000.0,68.6588,52.98443861648744,53.00140660474406,52.874344416109324,45.0,7888.0,16.0,0.0
