learning evaluation instances,evaluation time (cpu seconds),model cost (RAM-Hours),classified instances,classifications correct (percent),Kappa Statistic (percent),Kappa Temporal Statistic (percent),Kappa M Statistic (percent),model training instances,model serialized size (bytes),Change detected,Warning detected,tree size (nodes),tree size (leaves),active learning leaves,tree depth,active leaf byte size estimate,inactive leaf byte size estimate,byte size estimate overhead
1000.0,0.046665189,4.13336844664067E-9,1000.0,80.7,49.92735574927357,56.13636363636364,39.68750000000001,1000.0,536.0,0.0,0.0,3.0,2.0,2.0,1.0,0.0,0.0,1.0
2000.0,0.150229563,1.4107560331026714E-8,2000.0,85.6,65.69692999434237,66.51162790697674,55.963302752293565,2000.0,12832.0,0.0,0.0,5.0,3.0,3.0,2.0,0.0,0.0,1.0
3000.0,0.19718726,1.8636428111147964E-8,3000.0,87.26666666666667,70.54979372006474,70.47913446676971,60.45548654244307,3000.0,12856.0,0.0,0.0,5.0,3.0,3.0,2.0,0.0,0.0,1.0
4000.0,0.259208381,2.461848338422883E-8,4000.0,88.85,74.51564730684387,73.9638061879743,65.31881804043545,4000.0,12880.0,0.0,0.0,5.0,3.0,3.0,2.0,0.0,0.0,1.0
5000.0,0.284344744,2.704303752604251E-8,5000.0,89.5,76.2416175901452,75.50163322445171,67.45195288282704,5000.0,12896.0,0.0,0.0,5.0,3.0,3.0,2.0,0.0,0.0,1.0
6000.0,0.310346363,2.9551104651979273E-8,6000.0,90.10000000000001,77.67232902416801,77.04791344667697,69.23873640600725,6000.0,12904.0,0.0,0.0,5.0,3.0,3.0,2.0,0.0,0.0,1.0
7000.0,0.337706947,3.2190254978612065E-8,7000.0,90.32857142857142,78.38555069274787,77.75221820571804,70.32003507233668,7000.0,12904.0,0.0,0.0,5.0,3.0,3.0,2.0,0.0,0.0,1.0
8000.0,0.368528807,3.519401980487837E-8,8000.0,90.5625,78.9487654775368,78.34815027244049,70.98385857033053,8000.0,16736.0,0.0,0.0,7.0,4.0,4.0,3.0,0.0,0.0,1.0
9000.0,0.424984959,4.183263030899896E-8,9000.0,90.87777777777778,79.60330653340128,79.09877800407332,71.96995561625128,9000.0,94464.0,0.0,0.0,27.0,23.0,23.0,4.0,0.0,0.0,1.0
10000.0,0.45235328,4.507247511648263E-8,10000.0,91.22,80.43427878701442,80.0499886389457,73.22354376334248,10000.0,97248.0,0.0,0.0,27.0,23.0,23.0,4.0,0.0,0.0,1.0
11000.0,0.479311058,4.826483593855675E-8,11000.0,91.52727272727273,81.12123441640951,80.77557755775577,74.12548584119932,11000.0,97408.0,0.0,0.0,27.0,23.0,23.0,4.0,0.0,0.0,1.0
12000.0,0.508735138,5.177958447162684E-8,12000.0,91.71666666666667,81.47059878953051,81.13851992409867,74.49974345818369,12000.0,101368.0,0.0,0.0,29.0,24.0,24.0,4.0,0.0,0.0,1.0
13000.0,0.53654569,5.510625687931355E-8,13000.0,91.84615384615384,81.78217451085072,81.45880706664335,74.99999999999999,13000.0,102016.0,0.0,0.0,29.0,24.0,24.0,4.0,0.0,0.0,1.0
14000.0,0.563975204,5.838791755803138E-8,14000.0,92.08571428571429,82.30246645568965,82.01006656924824,75.72836801752463,14000.0,102096.0,0.0,0.0,29.0,24.0,24.0,4.0,0.0,0.0,1.0
15000.0,0.591509046,6.168251588799268E-8,15000.0,92.2,82.5674784599592,82.32094288304624,76.12732095490718,15000.0,102160.0,0.0,0.0,29.0,24.0,24.0,4.0,0.0,0.0,1.0
16000.0,0.618670224,6.493280367812971E-8,16000.0,92.325,82.82080314004382,82.60623229461757,76.44350661807022,16000.0,102200.0,0.0,0.0,29.0,24.0,24.0,4.0,0.0,0.0,1.0
17000.0,0.645632762,6.815937668228109E-8,17000.0,92.5,83.24563864842742,82.95682395401685,77.07246898039922,17000.0,102208.0,0.0,0.0,29.0,24.0,24.0,4.0,0.0,0.0,1.0
18000.0,0.672532282,7.137874243005076E-8,18000.0,92.58333333333333,83.43833415693676,83.17580340264648,77.36137018823128,18000.0,102256.0,0.0,0.0,29.0,24.0,24.0,4.0,0.0,0.0,1.0
19000.0,0.699373783,7.45911643966184E-8,19000.0,92.65789473684211,83.62326872215972,83.38494521200572,77.64423076923077,19000.0,102256.0,0.0,0.0,29.0,24.0,24.0,4.0,0.0,0.0,1.0
20000.0,0.726806479,7.78744548160976E-8,20000.0,92.675,83.68361584437845,83.50039418853473,77.76597359235087,20000.0,102272.0,0.0,0.0,29.0,24.0,24.0,4.0,0.0,0.0,1.0
21000.0,0.75431052,8.116628418322446E-8,21000.0,92.74761904761904,83.83977986812194,83.62541662186861,77.98178401040913,21000.0,102272.0,0.0,0.0,29.0,24.0,24.0,4.0,0.0,0.0,1.0
22000.0,0.78136146,8.440388402174951E-8,22000.0,92.8409090909091,84.03020127218966,83.80962171052633,78.22179203539825,22000.0,102272.0,0.0,0.0,29.0,24.0,24.0,4.0,0.0,0.0,1.0
23000.0,0.808226656,8.761936423484856E-8,23000.0,92.91304347826087,84.21521537031299,83.96300669027941,78.51588243047318,23000.0,102288.0,0.0,0.0,29.0,24.0,24.0,4.0,0.0,0.0,1.0
24000.0,0.834587635,9.077449499854817E-8,24000.0,92.97916666666667,84.3422133633463,84.07974300831444,78.67088607594937,24000.0,102288.0,0.0,0.0,29.0,24.0,24.0,4.0,0.0,0.0,1.0
25000.0,0.860508298,9.387692458763096E-8,25000.0,93.03200000000001,84.45662447065527,84.20814069440668,78.83353584447146,25000.0,102288.0,0.0,0.0,29.0,24.0,24.0,4.0,0.0,0.0,1.0
26000.0,0.886421555,9.697846775673535E-8,26000.0,93.09615384615385,84.62030542814573,84.35866155454863,79.10117592269182,26000.0,102288.0,0.0,0.0,29.0,24.0,24.0,4.0,0.0,0.0,1.0
27000.0,0.907820778,9.953972873291413E-8,27000.0,93.16666666666666,84.78328836733698,84.5464444258313,79.32309761291046,27000.0,102288.0,0.0,0.0,29.0,24.0,24.0,4.0,0.0,0.0,1.0
28000.0,0.925071822,1.0160449649553537E-7,28000.0,93.21428571428572,84.8857625019177,84.65018581354016,79.45723862039141,28000.0,102288.0,0.0,0.0,29.0,24.0,24.0,4.0,0.0,0.0,1.0
29000.0,0.941673578,1.0359155134228574E-7,29000.0,93.26551724137931,84.9852938751547,84.7659906396256,79.5796737766625,29000.0,102288.0,0.0,0.0,29.0,24.0,24.0,4.0,0.0,0.0,1.0
30000.0,0.959446717,1.0571880836208039E-7,30000.0,93.31333333333333,85.08500173500244,84.86722993361498,79.70046549281523,30000.0,102288.0,0.0,0.0,29.0,24.0,24.0,4.0,0.0,0.0,1.0
31000.0,0.975955134,1.0769469151636999E-7,31000.0,93.36451612903225,85.19735264493481,84.97114049828305,79.85703094398747,31000.0,102288.0,0.0,0.0,29.0,24.0,24.0,4.0,0.0,0.0,1.0
32000.0,0.992563283,1.0968251153769799E-7,32000.0,93.4375,85.34200958980699,85.12747875354107,80.03042982122479,32000.0,102288.0,0.0,0.0,29.0,24.0,24.0,4.0,0.0,0.0,1.0
33000.0,1.009456903,1.1170449942260359E-7,33000.0,93.46666666666667,85.4076151599496,85.19739100583591,80.1290322580645,33000.0,102288.0,0.0,0.0,29.0,24.0,24.0,4.0,0.0,0.0,1.0
34000.0,1.025927437,1.1367584838191046E-7,34000.0,93.51470588235294,85.50891552133429,85.27152494823326,80.26315789473685,34000.0,102288.0,0.0,0.0,29.0,24.0,24.0,4.0,0.0,0.0,1.0
35000.0,1.042200643,1.1562357926378026E-7,35000.0,93.56,85.60034242309055,85.3731343283582,80.37611004701375,35000.0,102288.0,0.0,0.0,29.0,24.0,24.0,4.0,0.0,0.0,1.0
36000.0,1.059255233,1.176648335575333E-7,36000.0,93.56666666666666,85.6092732948128,85.40642722117202,80.37787003304244,36000.0,102288.0,0.0,0.0,29.0,24.0,24.0,4.0,0.0,0.0,1.0
37000.0,1.075528957,1.1961262643853203E-7,37000.0,93.63243243243244,85.76010394803944,85.5716822830547,80.59947299077734,37000.0,102288.0,0.0,0.0,29.0,24.0,24.0,4.0,0.0,0.0,1.0
38000.0,1.091676458,1.2154531175958821E-7,38000.0,93.66315789473684,85.82661614524875,85.6255969436485,80.68190934616925,38000.0,102288.0,0.0,0.0,29.0,24.0,24.0,4.0,0.0,0.0,1.0
39000.0,1.107999368,1.2349899168528825E-7,39000.0,93.68717948717948,85.86867892157647,85.66437638290438,80.72043852779952,39000.0,102288.0,0.0,0.0,29.0,24.0,24.0,4.0,0.0,0.0,1.0
40000.0,1.124123276,1.2542885317343185E-7,40000.0,93.72500000000001,85.95705679156458,85.78064808520281,80.85284918758107,40000.0,102288.0,0.0,0.0,29.0,24.0,24.0,4.0,0.0,0.0,1.0
41000.0,1.140393314,1.2737620487916182E-7,41000.0,93.73658536585367,85.97967683261629,85.80431177446104,80.87578194816803,41000.0,102288.0,0.0,0.0,29.0,24.0,24.0,4.0,0.0,0.0,1.0
42000.0,1.156848938,1.2934576926894694E-7,42000.0,93.73333333333333,85.98258236444472,85.8128503665373,80.88320743753631,42000.0,102288.0,0.0,0.0,29.0,24.0,24.0,4.0,0.0,0.0,1.0
43000.0,1.173855266,1.3138124711103945E-7,43000.0,93.74186046511628,85.99966663349392,85.81593927893738,80.89456869009585,43000.0,102288.0,0.0,0.0,29.0,24.0,24.0,4.0,0.0,0.0,1.0
44000.0,1.190677305,1.33394667506278E-7,44000.0,93.75909090909092,86.04725453438188,85.86867023466448,80.9728381374723,44000.0,102288.0,0.0,0.0,29.0,24.0,24.0,4.0,0.0,0.0,1.0
45000.0,1.207112438,1.3536177933978746E-7,45000.0,93.8,86.15041610029625,85.9946789819788,81.14100310936865,45000.0,102288.0,0.0,0.0,29.0,24.0,24.0,4.0,0.0,0.0,1.0
46000.0,1.22340446,1.3731176229812414E-7,46000.0,93.80869565217391,86.16515152258532,86.01728201099765,81.14906010060895,46000.0,102288.0,0.0,0.0,29.0,24.0,24.0,4.0,0.0,0.0,1.0
47000.0,1.239825675,1.3927720829403444E-7,47000.0,93.81276595744681,86.16809027408088,86.02259072338381,81.13648157758173,47000.0,102288.0,0.0,0.0,29.0,24.0,24.0,4.0,0.0,0.0,1.0
48000.0,1.256029531,1.412166387133735E-7,48000.0,93.82291666666667,86.19411129955921,86.05427778561686,81.17938301383776,48000.0,102288.0,0.0,0.0,29.0,24.0,24.0,4.0,0.0,0.0,1.0
49000.0,1.272237572,1.4315657003301093E-7,49000.0,93.8469387755102,86.24229333753868,86.09189039579297,81.23482915292215,49000.0,102288.0,0.0,0.0,29.0,24.0,24.0,4.0,0.0,0.0,1.0
50000.0,1.288488847,1.4510167600581423E-7,50000.0,93.866,86.2834648439721,86.14286359734335,81.29535890711718,50000.0,102288.0,0.0,0.0,29.0,24.0,24.0,4.0,0.0,0.0,1.0
51000.0,1.310270555,1.4770871639671632E-7,51000.0,93.89019607843137,86.33530977776894,86.18365627632689,81.36363636363637,51000.0,102288.0,0.0,0.0,29.0,24.0,24.0,4.0,0.0,0.0,1.0
52000.0,1.326572668,1.4965990714117264E-7,52000.0,93.89807692307693,86.35829564595748,86.20074802122292,81.4096554956644,52000.0,102288.0,0.0,0.0,29.0,24.0,24.0,4.0,0.0,0.0,1.0
53000.0,1.342955605,1.5162077166477218E-7,53000.0,93.90377358490566,86.37715755942675,86.21880998080613,81.44809370693615,53000.0,102288.0,0.0,0.0,29.0,24.0,24.0,4.0,0.0,0.0,1.0
54000.0,1.359492519,1.5360006560897868E-7,54000.0,93.92592592592592,86.42502474949755,86.2704060276266,81.51591997745842,54000.0,102288.0,0.0,0.0,29.0,24.0,24.0,4.0,0.0,0.0,1.0
55000.0,1.376094509,1.5558714846305754E-7,55000.0,93.92727272727272,86.41852947895882,86.26927029804727,81.48969186433163,55000.0,102288.0,0.0,0.0,29.0,24.0,24.0,4.0,0.0,0.0,1.0
56000.0,1.392788509,1.57585243942334E-7,56000.0,93.96428571428571,86.50158059801892,86.34619268834578,81.60444105801675,56000.0,102288.0,0.0,0.0,29.0,24.0,24.0,4.0,0.0,0.0,1.0
57000.0,1.409390981,1.5957238448672203E-7,57000.0,93.9701754385965,86.53396849390327,86.36381670303511,81.68301001918567,57000.0,102288.0,0.0,0.0,29.0,24.0,24.0,4.0,0.0,0.0,1.0
58000.0,1.425952289,1.6155459813508102E-7,58000.0,93.96206896551725,86.51294155753914,86.33845673714599,81.6505108724129,58000.0,102288.0,0.0,0.0,29.0,24.0,24.0,4.0,0.0,0.0,1.0
59000.0,1.442566155,1.635431024209265E-7,59000.0,93.96949152542373,86.52628315407284,86.34741567860021,81.659793814433,59000.0,102288.0,0.0,0.0,29.0,24.0,24.0,4.0,0.0,0.0,1.0
60000.0,1.459208478,1.655350127091114E-7,60000.0,93.99166666666666,86.57858648631417,86.40443505807814,81.73758865248224,60000.0,102288.0,0.0,0.0,29.0,24.0,24.0,4.0,0.0,0.0,1.0
61000.0,1.475470258,1.674813760194617E-7,61000.0,94.01311475409835,86.6345339356654,86.45300096446323,81.82813355227148,61000.0,102288.0,0.0,0.0,29.0,24.0,24.0,4.0,0.0,0.0,1.0
62000.0,1.491854221,1.694423633444247E-7,62000.0,94.02580645161291,86.66833895277755,86.49062659566708,81.88132857212737,62000.0,102288.0,0.0,0.0,29.0,24.0,24.0,4.0,0.0,0.0,1.0
63000.0,1.508275953,1.7140787121977448E-7,63000.0,94.04761904761905,86.71224585877988,86.52339538561058,81.93380546321723,63000.0,102288.0,0.0,0.0,29.0,24.0,24.0,4.0,0.0,0.0,1.0
64000.0,1.52443231,1.733416165104943E-7,64000.0,94.0640625,86.74809928840973,86.55839790538867,81.97988805616166,64000.0,102288.0,0.0,0.0,29.0,24.0,24.0,4.0,0.0,0.0,1.0
65000.0,1.540619562,1.752790596064035E-7,65000.0,94.08461538461539,86.788909072942,86.60091998884863,82.02599102468213,65000.0,102288.0,0.0,0.0,29.0,24.0,24.0,4.0,0.0,0.0,1.0
66000.0,1.557077123,1.772488558346302E-7,66000.0,94.09545454545454,86.8069543905146,86.6339689943751,82.04395705662813,66000.0,102288.0,0.0,0.0,29.0,24.0,24.0,4.0,0.0,0.0,1.0
67000.0,1.573518962,1.792167703055114E-7,67000.0,94.0910447761194,86.7968545170012,86.62590365515842,82.03068264342774,67000.0,102288.0,0.0,0.0,29.0,24.0,24.0,4.0,0.0,0.0,1.0
68000.0,1.589846004,1.811709447879696E-7,68000.0,94.11176470588235,86.84331070280524,86.67554076539102,82.09622607762475,68000.0,102288.0,0.0,0.0,29.0,24.0,24.0,4.0,0.0,0.0,1.0
69000.0,1.606172863,1.831250973672606E-7,69000.0,94.12608695652173,86.8679940200807,86.70624508003148,82.12174680194089,69000.0,102288.0,0.0,0.0,29.0,24.0,24.0,4.0,0.0,0.0,1.0
70000.0,1.62297422,1.851360423455408E-7,70000.0,94.13714285714285,86.89458579245365,86.72832519483879,82.16350123864574,70000.0,102288.0,0.0,0.0,29.0,24.0,24.0,4.0,0.0,0.0,1.0
71000.0,1.641543889,1.8737689074272084E-7,71000.0,94.16338028169015,86.94767835816928,86.78402857507336,82.23136952233943,71000.0,106064.0,0.0,0.0,31.0,25.0,25.0,4.0,0.0,0.0,1.0
72000.0,1.658546417,1.8943179528396162E-7,72000.0,94.15,86.91746048153685,86.75513348636835,82.18801539307312,72000.0,106784.0,0.0,0.0,31.0,25.0,25.0,4.0,0.0,0.0,1.0
73000.0,1.676005454,1.9154205360590997E-7,73000.0,94.15890410958903,86.94148309727036,86.77911447352102,82.22666833395856,73000.0,106824.0,0.0,0.0,31.0,25.0,25.0,4.0,0.0,0.0,1.0
74000.0,1.693329045,1.9363597654293602E-7,74000.0,94.16351351351351,86.94889573935768,86.78477449360503,82.23730207690724,74000.0,106832.0,0.0,0.0,31.0,25.0,25.0,4.0,0.0,0.0,1.0
75000.0,1.711829763,1.958721802129286E-7,75000.0,94.17466666666667,86.97498929554197,86.80777824747871,82.27658107176178,75000.0,106832.0,0.0,0.0,31.0,25.0,25.0,4.0,0.0,0.0,1.0
76000.0,1.736201586,1.9881803128946573E-7,76000.0,94.175,86.97721292960229,86.80122834739572,82.27782225780625,76000.0,106832.0,0.0,0.0,31.0,25.0,25.0,4.0,0.0,0.0,1.0
77000.0,1.761883004,2.0192217466283176E-7,77000.0,94.17662337662338,86.97646741267593,86.79856326915151,82.26826953495731,77000.0,106832.0,0.0,0.0,31.0,25.0,25.0,4.0,0.0,0.0,1.0
78000.0,1.780809342,2.042098235257094E-7,78000.0,94.18717948717948,86.99801017555373,86.8220659187351,82.29874287499023,78000.0,106832.0,0.0,0.0,31.0,25.0,25.0,4.0,0.0,0.0,1.0
79000.0,1.798801748,2.0638458692295684E-7,79000.0,94.18987341772151,86.99988696738542,86.83380184728357,82.29781325928496,79000.0,106832.0,0.0,0.0,31.0,25.0,25.0,4.0,0.0,0.0,1.0
80000.0,1.816185532,2.0848578545909789E-7,80000.0,94.215,87.05447513228171,86.8906325241481,82.37019542112682,80000.0,106832.0,0.0,0.0,31.0,25.0,25.0,4.0,0.0,0.0,1.0
81000.0,1.836081907,2.10890683841666E-7,81000.0,94.2320987654321,87.08993543119387,86.92708041860206,82.41758241758244,81000.0,106832.0,0.0,0.0,31.0,25.0,25.0,4.0,0.0,0.0,1.0
82000.0,1.853409278,2.1298506367176358E-7,82000.0,94.2390243902439,87.10637170053012,86.94089677669042,82.44518766257895,82000.0,106832.0,0.0,0.0,31.0,25.0,25.0,4.0,0.0,0.0,1.0
83000.0,1.870559244,2.150580003496508E-7,83000.0,94.25421686746988,87.13790761663289,86.97670608154236,82.4804378972117,83000.0,106832.0,0.0,0.0,31.0,25.0,25.0,4.0,0.0,0.0,1.0
84000.0,1.887640525,2.1712263499033742E-7,84000.0,94.26666666666667,87.16484431974992,87.00170035896467,82.51715250299488,84000.0,106832.0,0.0,0.0,31.0,25.0,25.0,4.0,0.0,0.0,1.0
85000.0,1.904866329,2.1920473829699682E-7,85000.0,94.27058823529411,87.17420135246796,87.01264067416929,82.52914798206278,85000.0,106832.0,0.0,0.0,31.0,25.0,25.0,4.0,0.0,0.0,1.0
86000.0,1.921989365,2.212744199139273E-7,86000.0,94.28720930232558,87.2166162555865,87.05879254030134,82.59467885357991,86000.0,106832.0,0.0,0.0,31.0,25.0,25.0,4.0,0.0,0.0,1.0
87000.0,1.939586104,2.2340135857283243E-7,87000.0,94.28390804597701,87.20131213696533,87.04205534420764,82.56189073567572,87000.0,106832.0,0.0,0.0,31.0,25.0,25.0,4.0,0.0,0.0,1.0
88000.0,1.956766685,2.2547799572198548E-7,88000.0,94.27954545454546,87.20098381059206,87.04147038381342,82.57226934395014,88000.0,106832.0,0.0,0.0,31.0,25.0,25.0,4.0,0.0,0.0,1.0
89000.0,1.974016988,2.2756306025175584E-7,89000.0,94.28539325842696,87.21196171563501,87.05391233518301,82.58577004725056,89000.0,106832.0,0.0,0.0,31.0,25.0,25.0,4.0,0.0,0.0,1.0
90000.0,1.991412975,2.2966573377894237E-7,90000.0,94.29666666666667,87.24152952228265,87.08289294881473,82.62944162436547,90000.0,106832.0,0.0,0.0,31.0,25.0,25.0,4.0,0.0,0.0,1.0
91000.0,2.008528255,2.3173447791897795E-7,91000.0,94.30439560439561,87.26329595723756,87.11049215388825,82.66613156750611,91000.0,106832.0,0.0,0.0,31.0,25.0,25.0,4.0,0.0,0.0,1.0
92000.0,2.025679403,2.338075574666034E-7,92000.0,94.31086956521739,87.28102769110303,87.12866417469998,82.69580454259928,92000.0,106832.0,0.0,0.0,31.0,25.0,25.0,4.0,0.0,0.0,1.0
93000.0,2.042846069,2.358825126932458E-7,93000.0,94.32043010752689,87.30428208944545,87.15091952904545,82.73122568411418,93000.0,106832.0,0.0,0.0,31.0,25.0,25.0,4.0,0.0,0.0,1.0
94000.0,2.059617851,2.3790973782368212E-7,94000.0,94.31808510638298,87.29691311340073,87.138797919476,82.71576971619041,94000.0,106832.0,0.0,0.0,31.0,25.0,25.0,4.0,0.0,0.0,1.0
95000.0,2.076012248,2.3989134798274274E-7,95000.0,94.32947368421053,87.32387922660072,87.16158245948523,82.75276941794199,95000.0,106832.0,0.0,0.0,31.0,25.0,25.0,4.0,0.0,0.0,1.0
96000.0,2.092270183,2.418564638184363E-7,96000.0,94.340625,87.34987346497304,87.1974927539647,82.78898850064941,96000.0,106832.0,0.0,0.0,31.0,25.0,25.0,4.0,0.0,0.0,1.0
97000.0,2.108432729,2.4381004987285996E-7,97000.0,94.34329896907217,87.35606557879277,87.20501818860181,82.80099050246058,97000.0,106832.0,0.0,0.0,31.0,25.0,25.0,4.0,0.0,0.0,1.0
98000.0,2.124667847,2.457724077907723E-7,98000.0,94.34591836734694,87.35813768883993,87.2044152965084,82.79406284933548,98000.0,106832.0,0.0,0.0,31.0,25.0,25.0,4.0,0.0,0.0,1.0
99000.0,2.1408101,2.477235410062804E-7,99000.0,94.34848484848484,87.358576267216,87.20353132218742,82.78832251515058,99000.0,106832.0,0.0,0.0,31.0,25.0,25.0,4.0,0.0,0.0,1.0
100000.0,2.157216317,2.4970657986272345E-7,100000.0,94.366,87.39412361566716,87.24040312535388,82.83311496389288,100000.0,106832.0,0.0,0.0,31.0,25.0,25.0,4.0,0.0,0.0,1.0
101000.0,2.182955527,2.521384093758982E-7,101000.0,94.03168316831683,86.71677421137555,86.48824333714387,81.96505505026327,503.0,4560.0,2.0,8.0,1.0,1.0,1.0,0.0,0.0,0.0,1.0
102000.0,2.205375091,2.5425660015983104E-7,102000.0,93.70882352941177,86.05166299137169,85.76720046134055,81.14754098360656,141.0,4560.0,1.0,7.0,1.0,1.0,1.0,0.0,0.0,0.0,1.0
103000.0,2.220728722,2.557072046267201E-7,103000.0,93.42912621359223,85.4915311987357,85.1510564075561,80.47485791766435,1141.0,4560.0,0.0,0.0,1.0,1.0,1.0,0.0,0.0,0.0,1.0
104000.0,2.245890629,2.581096431347315E-7,104000.0,93.12596153846154,84.879286146506,84.47523290408044,79.74500637484064,2141.0,4560.0,0.0,8.0,1.0,1.0,1.0,0.0,0.0,0.0,1.0
105000.0,2.273076469,2.606781496293927E-7,105000.0,92.83142857142857,84.29846772013897,83.81568762363464,79.05559574823309,320.0,4560.0,1.0,4.0,1.0,1.0,1.0,0.0,0.0,0.0,1.0
106000.0,2.295753916,2.6282070508847856E-7,106000.0,92.56792452830189,83.80334446890413,83.22330593296135,78.4636413340623,1320.0,4560.0,0.0,0.0,1.0,1.0,1.0,0.0,0.0,0.0,1.0
107000.0,2.317903971,2.649350701453911E-7,107000.0,92.32429906542056,83.34092668546474,82.6733613214911,77.93212779106321,2320.0,4560.0,0.0,2.0,1.0,1.0,1.0,0.0,0.0,0.0,1.0
108000.0,2.346221493,2.6761049746967866E-7,108000.0,92.05185185185185,82.82387821355954,82.06248040957057,77.31920627790842,153.0,4560.0,2.0,4.0,1.0,1.0,1.0,0.0,0.0,0.0,1.0
109000.0,2.372597129,2.701024562381706E-7,109000.0,91.77981651376147,82.30000497536885,81.47190802125768,76.71699191850948,1153.0,4560.0,0.0,0.0,1.0,1.0,1.0,0.0,0.0,0.0,1.0
110000.0,2.400763658,2.7276361780862647E-7,110000.0,91.53363636363636,81.82998029179588,80.9206752437925,76.19497980675834,172.0,4560.0,1.0,1.0,1.0,1.0,1.0,0.0,0.0,0.0,1.0
111000.0,2.420781838,2.7465492686294654E-7,111000.0,91.26936936936937,81.31158506291091,80.343995294404,75.60294043603041,132.0,4560.0,1.0,5.0,1.0,1.0,1.0,0.0,0.0,0.0,1.0
112000.0,2.436347122,2.761255282144312E-7,112000.0,91.01875,80.83030202371259,79.79187174799607,75.07001412674417,1132.0,4560.0,0.0,0.0,1.0,1.0,1.0,0.0,0.0,0.0,1.0
113000.0,2.45899551,2.782652913184362E-7,113000.0,90.76548672566372,80.34695272373062,79.22845711328303,74.53822316570285,75.0,4552.0,1.0,14.0,1.0,1.0,1.0,0.0,0.0,0.0,1.0
114000.0,2.474583458,2.7973803395491313E-7,114000.0,90.5280701754386,79.89262405905824,78.71434485205701,74.03078403078405,1075.0,4560.0,0.0,0.0,1.0,1.0,1.0,0.0,0.0,0.0,1.0
115000.0,2.491871445,2.813713955464298E-7,115000.0,90.27826086956522,79.4140304924235,78.16192987596445,73.52091326796457,92.0,4560.0,1.0,2.0,1.0,1.0,1.0,0.0,0.0,0.0,1.0
116000.0,2.510531362,2.831343764954951E-7,116000.0,90.05689655172414,78.9999738066289,77.67627305630288,73.07404986459987,180.0,4560.0,1.0,5.0,1.0,1.0,1.0,0.0,0.0,0.0,1.0
117000.0,2.526081294,2.8461891050170495E-7,117000.0,89.8034188034188,78.542413403163,77.13201326458241,72.54252111671153,1180.0,4560.0,0.0,1.0,1.0,1.0,1.0,0.0,0.0,0.0,1.0
118000.0,2.541954823,2.8613433793888334E-7,118000.0,89.58644067796611,78.13887965408021,76.66141193899452,72.1113910260775,2180.0,4560.0,0.0,0.0,1.0,1.0,1.0,0.0,0.0,0.0,1.0
119000.0,2.557710668,2.8763853022082203E-7,119000.0,89.37983193277311,77.75729054229258,76.21530064928955,71.70301374770499,3180.0,4560.0,0.0,0.0,1.0,1.0,1.0,0.0,0.0,0.0,1.0
120000.0,2.578306936,2.8960828480139596E-7,120000.0,89.1625,77.36055777392946,75.73286559310333,71.2856858978605,426.0,4560.0,1.0,5.0,1.0,1.0,1.0,0.0,0.0,0.0,1.0
121000.0,2.597258906,2.9139874112323145E-7,121000.0,88.92809917355372,76.94163036260679,75.21506669380052,70.81327204200345,87.0,4536.0,1.0,7.0,1.0,1.0,1.0,0.0,0.0,0.0,1.0
122000.0,2.613131603,2.929135635267406E-7,122000.0,88.72131147540983,76.58004443025284,74.75414648466167,70.43657614300447,1087.0,4560.0,0.0,2.0,1.0,1.0,1.0,0.0,0.0,0.0,1.0
123000.0,2.631491288,2.9466596142597715E-7,123000.0,88.50325203252034,76.17654449688185,74.28488298085142,70.00657517975694,2087.0,4560.0,0.0,5.0,1.0,1.0,1.0,0.0,0.0,0.0,1.0
124000.0,2.64791298,2.962338233094519E-7,124000.0,88.31451612903226,75.82887001401365,73.87541692959525,69.6639799016016,3087.0,4560.0,0.0,2.0,1.0,1.0,1.0,0.0,0.0,0.0,1.0
125000.0,2.665896467,2.9797268226223907E-7,125000.0,88.13119999999999,75.48502841537031,73.47635648520604,69.3312661498708,4087.0,9096.0,0.0,4.0,3.0,2.0,2.0,1.0,0.0,0.0,1.0
126000.0,2.687406636,3.000992420076787E-7,126000.0,87.94603174603175,75.11522100724709,73.06948951185348,68.9831927624727,5087.0,17584.0,0.0,13.0,7.0,4.0,4.0,2.0,0.0,0.0,1.0
127000.0,2.705831104,3.019423224719739E-7,127000.0,87.78110236220472,74.79318969829728,72.7108062956124,68.6890902120619,6087.0,22080.0,0.0,8.0,9.0,5.0,5.0,3.0,0.0,0.0,1.0
128000.0,2.722067268,3.035693534838534E-7,128000.0,87.63984375,74.52404662780407,72.4118088130155,68.45704487907969,7087.0,22624.0,0.0,4.0,9.0,5.0,5.0,3.0,0.0,0.0,1.0
129000.0,2.736536918,3.050193615818894E-7,129000.0,87.51782945736434,74.29617284076248,72.1640217128237,68.28941667651345,8087.0,22624.0,0.0,0.0,9.0,5.0,5.0,3.0,0.0,0.0,1.0
130000.0,2.754402119,3.068299006043252E-7,130000.0,87.39615384615385,74.06158532230529,71.90645200006858,68.11636505156645,9087.0,27152.0,0.0,8.0,11.0,6.0,6.0,3.0,0.0,0.0,1.0
131000.0,2.770632129,3.084755618324132E-7,131000.0,87.26717557251908,73.80917391780685,71.64133428542283,67.9317106932749,10087.0,27240.0,0.0,5.0,11.0,6.0,6.0,3.0,0.0,0.0,1.0
132000.0,2.787209436,3.101757190252283E-7,132000.0,87.1621212121212,73.60674135472235,71.42037980234088,67.79918671379166,11087.0,31784.0,0.0,4.0,13.0,7.0,7.0,4.0,0.0,0.0,1.0
133000.0,2.802835917,3.117778103669796E-7,133000.0,87.06315789473685,73.42176826073386,71.19659836614437,67.69372312660771,12087.0,31792.0,0.0,3.0,13.0,7.0,7.0,4.0,0.0,0.0,1.0
134000.0,2.818094782,3.133454649217428E-7,134000.0,86.96194029850747,73.23175622278664,70.98756206512896,67.57303537622036,13087.0,31792.0,0.0,2.0,13.0,7.0,7.0,4.0,0.0,0.0,1.0
135000.0,2.833540236,3.1482002453424463E-7,135000.0,86.81629629629629,72.9749536036575,70.6695670803052,67.34731318913165,697.0,4560.0,1.0,3.0,1.0,1.0,1.0,0.0,0.0,0.0,1.0
136000.0,2.850025541,3.1639399399022897E-7,136000.0,86.64191176470588,72.66502097800259,70.2774778312228,67.05355361709073,413.0,4560.0,1.0,8.0,1.0,1.0,1.0,0.0,0.0,0.0,1.0
137000.0,2.866412367,3.179584252977642E-7,137000.0,86.48029197080292,72.36872393989361,69.94304074777276,66.78383128295256,1413.0,4560.0,0.0,3.0,1.0,1.0,1.0,0.0,0.0,0.0,1.0
138000.0,2.881899619,3.19436943264432E-7,138000.0,86.3304347826087,72.08862483565797,69.61144403634255,66.5294535131299,740.0,4560.0,1.0,3.0,1.0,1.0,1.0,0.0,0.0,0.0,1.0
139000.0,2.900273898,3.2121309431152644E-7,139000.0,86.16690647482015,71.78221478632656,69.25782623988745,66.2388285077169,1740.0,9088.0,0.0,10.0,3.0,2.0,2.0,1.0,0.0,0.0,1.0
140000.0,2.920804408,3.2319725268811005E-7,140000.0,86.03428571428572,71.53988063891153,68.97049721477202,66.05025090725982,2740.0,9096.0,0.0,5.0,3.0,2.0,2.0,1.0,0.0,0.0,1.0
141000.0,2.940996913,3.2516984899614026E-7,141000.0,85.8886524822695,71.26616633171676,68.66268722536343,65.81095245459387,3740.0,13000.0,0.0,6.0,5.0,3.0,3.0,2.0,0.0,0.0,1.0
142000.0,2.956428736,3.266955810604619E-7,142000.0,85.76056338028168,71.02427180425806,68.39736175799442,65.62452185443973,4740.0,17544.0,0.0,2.0,7.0,4.0,4.0,2.0,0.0,0.0,1.0
143000.0,2.978937052,3.2939261667165925E-7,143000.0,85.63286713286713,70.78200382438338,68.13740694789081,65.43108089917888,5740.0,98512.0,0.0,5.0,27.0,23.0,23.0,3.0,0.0,0.0,1.0
144000.0,2.998175125,3.317228824007699E-7,144000.0,85.5326388888889,70.59494261430468,67.92060607927074,65.31186519697626,6740.0,102904.0,0.0,3.0,29.0,24.0,24.0,3.0,0.0,0.0,1.0
145000.0,3.015426642,3.3335279832234E-7,145000.0,85.38206896551725,70.3295093543816,67.5986364400691,65.07899896205743,867.0,4560.0,1.0,1.0,1.0,1.0,1.0,0.0,0.0,0.0,1.0
146000.0,3.032991655,3.350123332114333E-7,146000.0,85.22123287671232,70.03493186367842,67.26939004596272,64.79983033704198,610.0,4560.0,1.0,11.0,1.0,1.0,1.0,0.0,0.0,0.0,1.0
147000.0,3.047856282,3.3641673679028964E-7,147000.0,85.05034013605443,69.71550139188453,66.91108936234285,64.51019023933335,211.0,4560.0,1.0,2.0,1.0,1.0,1.0,0.0,0.0,0.0,1.0
148000.0,3.061813723,3.3773542982524275E-7,148000.0,84.90202702702703,69.44050813747855,66.59740492705095,64.26972400780326,1211.0,4560.0,0.0,0.0,1.0,1.0,1.0,0.0,0.0,0.0,1.0
149000.0,3.075835368,3.3906018882655864E-7,149000.0,84.75436241610738,69.16260137521564,66.28523086513202,64.03533770304931,2211.0,4560.0,0.0,0.0,1.0,1.0,1.0,0.0,0.0,0.0,1.0
150000.0,3.092750425,3.407116675798286E-7,150000.0,84.58266666666667,68.83814244351261,65.91800041265068,63.72961104140526,3211.0,12912.0,0.0,4.0,5.0,3.0,3.0,2.0,0.0,0.0,1.0
151000.0,3.107367027,3.4214112957995196E-7,151000.0,84.45033112582782,68.59601773026316,65.63382755441066,63.53131212723658,4211.0,13584.0,0.0,1.0,5.0,3.0,3.0,2.0,0.0,0.0,1.0
152000.0,3.12296312,3.4368545916522147E-7,152000.0,84.33881578947368,68.38566917249611,65.39115769885001,63.38875132649453,5211.0,18136.0,0.0,2.0,7.0,4.0,4.0,2.0,0.0,0.0,1.0
153000.0,3.138322135,3.451517029722513E-7,153000.0,84.19019607843137,68.1190941112793,65.07407086545957,63.15573021385485,903.0,4560.0,1.0,4.0,1.0,1.0,1.0,0.0,0.0,0.0,1.0
154000.0,3.154574267,3.4668719742797127E-7,154000.0,84.0435064935065,67.84765121756504,64.75523873725277,62.91987324581258,119.0,4560.0,1.0,7.0,1.0,1.0,1.0,0.0,0.0,0.0,1.0
155000.0,3.168324567,3.479863198701522E-7,155000.0,83.91935483870968,67.61639154835963,64.48772564719964,62.725627719870204,1119.0,4560.0,0.0,0.0,1.0,1.0,1.0,0.0,0.0,0.0,1.0
156000.0,3.183028,3.4939244359122196E-7,156000.0,83.79935897435897,67.38779187805005,64.22636488456693,62.56018251040694,2119.0,4560.0,0.0,2.0,1.0,1.0,1.0,0.0,0.0,0.0,1.0
157000.0,3.197760004,3.507988909581699E-7,157000.0,83.64649681528662,67.10045474456253,63.897520986543284,62.311373377957835,471.0,4560.0,1.0,2.0,1.0,1.0,1.0,0.0,0.0,0.0,1.0
158000.0,3.212593117,3.522003171078325E-7,158000.0,83.51455696202532,66.85895946366152,63.61032719550701,62.1090454161939,361.0,4560.0,1.0,3.0,1.0,1.0,1.0,0.0,0.0,0.0,1.0
159000.0,3.22737138,3.536117924715105E-7,159000.0,83.39874213836478,66.6366075847855,63.374497016789235,61.94567787324837,1361.0,4560.0,0.0,2.0,1.0,1.0,1.0,0.0,0.0,0.0,1.0
160000.0,3.242312394,3.550234130613405E-7,160000.0,83.265625,66.39170402805638,63.096960926193915,61.7363344051447,750.0,4560.0,1.0,1.0,1.0,1.0,1.0,0.0,0.0,0.0,1.0
161000.0,3.257514875,3.5647499656480864E-7,161000.0,83.13229813664597,66.14026841768546,62.816966975190326,61.532359731999954,695.0,4560.0,1.0,2.0,1.0,1.0,1.0,0.0,0.0,0.0,1.0
162000.0,3.274174022,3.580683566615588E-7,162000.0,83.02098765432099,65.93230288639201,62.58501550682845,61.376656931026744,1695.0,4560.0,0.0,6.0,1.0,1.0,1.0,0.0,0.0,0.0,1.0
163000.0,3.289928364,3.595746552178949E-7,163000.0,82.92208588957055,65.74678166322687,62.366667117305894,61.24545796266132,2695.0,4560.0,0.0,4.0,1.0,1.0,1.0,0.0,0.0,0.0,1.0
164000.0,3.305957377,3.610890694862607E-7,164000.0,82.81890243902438,65.55257765179306,62.134304489806894,61.11371791333149,639.0,4560.0,1.0,2.0,1.0,1.0,1.0,0.0,0.0,0.0,1.0
165000.0,3.321142321,3.6254158692687777E-7,165000.0,82.70121212121212,65.32812748190237,61.884222474460834,60.93157584965575,1639.0,4560.0,0.0,3.0,1.0,1.0,1.0,0.0,0.0,0.0,1.0
166000.0,3.337408524,3.640784108046383E-7,166000.0,82.58313253012048,65.10398741954086,61.63532861825082,60.76643326276937,798.0,4560.0,1.0,6.0,1.0,1.0,1.0,0.0,0.0,0.0,1.0
167000.0,3.353706566,3.6561824281745306E-7,167000.0,82.45389221556886,64.85782692070707,61.3521854968477,60.56046085926563,225.0,4560.0,2.0,6.0,1.0,1.0,1.0,0.0,0.0,0.0,1.0
168000.0,3.370630496,3.6721720845986807E-7,168000.0,82.31845238095238,64.60523548697479,61.05794441531201,60.34151291020267,544.0,4560.0,1.0,9.0,1.0,1.0,1.0,0.0,0.0,0.0,1.0
169000.0,3.385031295,3.6857778976836583E-7,169000.0,82.19940828402366,64.38089589726148,60.80186589529095,60.164464101273865,582.0,4560.0,1.0,1.0,1.0,1.0,1.0,0.0,0.0,0.0,1.0
170000.0,3.399652819,3.6995922508012535E-7,170000.0,82.07882352941176,64.15514238885534,60.538314076990815,59.987917312389996,262.0,4560.0,1.0,2.0,1.0,1.0,1.0,0.0,0.0,0.0,1.0
171000.0,3.415114881,3.7142007406135433E-7,171000.0,81.96374269005848,63.939873459784295,60.28125845127559,59.83016189322602,493.0,4560.0,1.0,5.0,1.0,1.0,1.0,0.0,0.0,0.0,1.0
172000.0,3.430054149,3.7283152968985373E-7,172000.0,81.84186046511628,63.70889490593012,60.01996953366019,59.64388624000206,394.0,4560.0,1.0,3.0,1.0,1.0,1.0,0.0,0.0,0.0,1.0
173000.0,3.446527668,3.743879066006222E-7,173000.0,81.73583815028903,63.509472873768544,59.78644063482367,59.5060810724218,31.0,4552.0,2.0,6.0,1.0,1.0,1.0,0.0,0.0,0.0,1.0
174000.0,3.463931121,3.7604979031206453E-7,174000.0,81.65344827586208,63.35402995059738,59.6131219715851,59.41492810557231,1031.0,4560.0,0.0,6.0,1.0,1.0,1.0,0.0,0.0,0.0,1.0
175000.0,3.479566885,3.775270505836982E-7,175000.0,81.54171428571428,63.13892828607861,59.37928345971504,59.24809184381504,155.0,4560.0,1.0,3.0,1.0,1.0,1.0,0.0,0.0,0.0,1.0
176000.0,3.494140614,3.7891862891461115E-7,176000.0,81.44488636363636,62.95547271760634,59.17364670583822,59.11589068192345,1155.0,4560.0,0.0,2.0,1.0,1.0,1.0,0.0,0.0,0.0,1.0
177000.0,3.509755326,3.804271859885321E-7,177000.0,81.36214689265536,62.797816130345005,58.994406463642,59.025983704292514,2155.0,9024.0,0.0,3.0,3.0,2.0,2.0,1.0,0.0,0.0,1.0
178000.0,3.525389508,3.819042967934848E-7,178000.0,81.25786516853933,62.60365744295828,58.75502256289793,58.89173669812947,150.0,4560.0,2.0,5.0,1.0,1.0,1.0,0.0,0.0,0.0,1.0
179000.0,3.539392419,3.8322728581452157E-7,179000.0,81.1513966480447,62.39696034872375,58.53580601949145,58.721982969560536,1150.0,4560.0,0.0,0.0,1.0,1.0,1.0,0.0,0.0,0.0,1.0
180000.0,3.555384721,3.8473823164336417E-7,180000.0,81.02388888888889,62.147467338697396,58.26113521109549,58.51813169463942,291.0,4560.0,2.0,2.0,1.0,1.0,1.0,0.0,0.0,0.0,1.0
181000.0,3.574927041,3.8658458164912995E-7,181000.0,80.91381215469613,61.93631118124488,58.02940104483052,58.35573503706829,1291.0,4560.0,0.0,0.0,1.0,1.0,1.0,0.0,0.0,0.0,1.0
182000.0,3.589412887,3.8796737869684105E-7,182000.0,80.81758241758243,61.74944236927672,57.82963714548003,58.22174355292289,2291.0,4560.0,0.0,1.0,1.0,1.0,1.0,0.0,0.0,0.0,1.0
183000.0,3.605865368,3.8952180204008846E-7,183000.0,80.72896174863388,61.58259261304902,57.64708708131673,58.12583858749212,799.0,4560.0,1.0,1.0,1.0,1.0,1.0,0.0,0.0,0.0,1.0
184000.0,3.623602858,3.9121584044906243E-7,184000.0,80.62771739130434,61.38435269228552,57.44287112872799,57.98017187518418,644.0,4560.0,1.0,3.0,1.0,1.0,1.0,0.0,0.0,0.0,1.0
185000.0,3.639121428,3.926974445960819E-7,185000.0,80.53837837837838,61.20681940426723,57.251582109400054,57.86147328011986,1644.0,4560.0,0.0,4.0,1.0,1.0,1.0,0.0,0.0,0.0,1.0
186000.0,3.656697023,3.9439639079487194E-7,186000.0,80.44516129032257,61.02205936723261,57.074575431059905,57.731060209880404,2644.0,9064.0,0.0,9.0,3.0,2.0,2.0,1.0,0.0,0.0,1.0
187000.0,3.678792084,3.965321200547971E-7,187000.0,80.36524064171124,60.8632005106769,56.90442376084227,57.62950482938483,3644.0,9104.0,0.0,9.0,3.0,2.0,2.0,1.0,0.0,0.0,1.0
188000.0,3.702684972,3.9878950985787884E-7,188000.0,80.29414893617022,60.72254068926826,56.75615734796312,57.548985905809566,181.0,4560.0,1.0,6.0,1.0,1.0,1.0,0.0,0.0,0.0,1.0
189000.0,3.716835359,4.0012643234809687E-7,189000.0,80.18941798941799,60.51890762636947,56.54868283625392,57.39708258425688,1181.0,4560.0,0.0,0.0,1.0,1.0,1.0,0.0,0.0,0.0,1.0
190000.0,3.731883735,4.015637997003441E-7,190000.0,80.09052631578948,60.32641731989342,56.33836955643533,57.254565178087155,2181.0,4560.0,0.0,3.0,1.0,1.0,1.0,0.0,0.0,0.0,1.0
191000.0,3.747344586,4.030419411057465E-7,191000.0,80.00837696335078,60.16385595091638,56.16526420920914,57.139489723759375,3181.0,5088.0,0.0,2.0,5.0,3.0,3.0,2.0,0.0,0.0,1.0
192000.0,3.764330623,4.046467745908643E-7,192000.0,79.90416666666667,59.959030022061214,55.95333226786,56.97591436217662,897.0,4560.0,1.0,6.0,1.0,1.0,1.0,0.0,0.0,0.0,1.0
193000.0,3.779766025,4.061207898381149E-7,193000.0,79.8238341968912,59.80043135638818,55.78466883920563,56.8746885209591,1897.0,4560.0,0.0,3.0,1.0,1.0,1.0,0.0,0.0,0.0,1.0
194000.0,3.79473843,4.0756775762507935E-7,194000.0,79.7479381443299,59.65446524229988,55.625204712047804,56.78918657340196,2897.0,9096.0,0.0,2.0,3.0,2.0,2.0,1.0,0.0,0.0,1.0
195000.0,3.809996248,4.0905778144035526E-7,195000.0,79.66564102564102,59.489994659110266,55.45469864629556,56.67205734516367,3897.0,13000.0,0.0,1.0,5.0,3.0,3.0,2.0,0.0,0.0,1.0
196000.0,3.826679676,4.107091922700119E-7,196000.0,79.60816326530612,59.37320270355816,55.33004001162348,56.61923523601749,4897.0,18096.0,0.0,6.0,7.0,4.0,4.0,2.0,0.0,0.0,1.0
197000.0,3.84276492,4.1222891921912253E-7,197000.0,79.5243654822335,59.205989831286466,55.16616649994444,56.49590163934427,628.0,4560.0,1.0,6.0,1.0,1.0,1.0,0.0,0.0,0.0,1.0
198000.0,3.857218175,4.1359445654798543E-7,198000.0,79.4489898989899,59.05550618694374,55.00624744297134,56.40748200205691,381.0,4560.0,1.0,1.0,1.0,1.0,1.0,0.0,0.0,0.0,1.0
199000.0,3.871807738,4.1497287219818306E-7,199000.0,79.36231155778894,58.88222550081775,54.830017267737915,56.27701479825402,347.0,4560.0,1.0,1.0,1.0,1.0,1.0,0.0,0.0,0.0,1.0
200000.0,3.887308246,4.1645300855173043E-7,200000.0,79.278,58.712911517845804,54.655462920414024,56.164325605009324,1347.0,4560.0,0.0,4.0,1.0,1.0,1.0,0.0,0.0,0.0,1.0
201000.0,3.902958692,4.1793165597242236E-7,201000.0,79.18606965174129,58.52661905635574,54.471650886930036,55.9611781300659,967.0,4560.0,1.0,2.0,1.0,1.0,1.0,0.0,0.0,0.0,1.0
202000.0,3.917906173,4.193586746791071E-7,202000.0,79.13217821782177,58.41672584353405,54.37493235198614,55.84593790589516,1967.0,4560.0,0.0,2.0,1.0,1.0,1.0,0.0,0.0,0.0,1.0
203000.0,3.935021688,4.2107308185671803E-7,203000.0,79.14187192118226,58.43393771115834,54.420977846670525,55.87168584292145,2967.0,22176.0,0.0,4.0,6.0,5.0,5.0,1.0,0.0,0.0,1.0
204000.0,3.952934617,4.229595262137659E-7,204000.0,79.225,58.59837789817194,54.61642251349268,56.0326583118931,3967.0,41944.0,0.0,0.0,16.0,10.0,10.0,2.0,0.0,0.0,1.0
205000.0,3.967827094,4.2453275087648833E-7,205000.0,79.30975609756098,58.76614486646034,54.82238909303936,56.20592456453728,4967.0,43208.0,0.0,0.0,16.0,10.0,10.0,2.0,0.0,0.0,1.0
206000.0,3.983224059,4.2617163295992375E-7,206000.0,79.39271844660195,58.93012685762895,55.02023776727627,56.39252989275588,5967.0,46288.0,0.0,0.0,18.0,11.0,11.0,3.0,0.0,0.0,1.0
207000.0,3.999108242,4.2788186972866284E-7,207000.0,79.4768115942029,59.09623740377794,55.225437912354295,56.55646340590456,6967.0,51008.0,0.0,0.0,20.0,12.0,12.0,3.0,0.0,0.0,1.0
208000.0,4.014256261,4.2951764094727354E-7,208000.0,79.56153846153846,59.263678352309135,55.44002347909941,56.73563265181506,7967.0,52232.0,0.0,0.0,20.0,12.0,12.0,3.0,0.0,0.0,1.0
209000.0,4.030937864,4.3135209180686037E-7,209000.0,79.64641148325359,59.43146647824202,55.636784582012346,56.90987733106431,8967.0,59848.0,0.0,0.0,24.0,14.0,14.0,3.0,0.0,0.0,1.0
210000.0,4.04772189,4.3320325957177244E-7,210000.0,79.72380952380952,59.584510931672305,55.81750075228539,57.07444931700185,9967.0,61104.0,0.0,0.0,24.0,14.0,14.0,3.0,0.0,0.0,1.0
211000.0,4.062413472,4.34823705326375E-7,211000.0,79.80521327014219,59.74513102649641,56.01399756384583,57.249633806208244,10967.0,61120.0,0.0,0.0,24.0,14.0,14.0,3.0,0.0,0.0,1.0
212000.0,4.078101902,4.3656997826509423E-7,212000.0,79.88443396226415,59.90154166791668,56.21483428477557,57.408239700374544,11967.0,65008.0,0.0,0.0,26.0,15.0,15.0,3.0,0.0,0.0,1.0
213000.0,4.093088578,4.382382012766293E-7,213000.0,79.96384976525822,60.058197805002855,56.404441584178656,57.577534791252496,12967.0,65024.0,0.0,0.0,26.0,15.0,15.0,3.0,0.0,0.0,1.0
214000.0,4.107818372,4.3987786027591506E-7,214000.0,80.03971962616822,60.20782404899687,56.5878000691099,57.73553915263294,13967.0,65032.0,0.0,0.0,26.0,15.0,15.0,3.0,0.0,0.0,1.0
215000.0,4.122631932,4.4152718099613404E-7,215000.0,80.11395348837209,60.35421425611895,56.75634671791241,57.888879039486255,14967.0,65120.0,0.0,0.0,26.0,15.0,15.0,3.0,0.0,0.0,1.0
216000.0,4.137512058,4.431840054681839E-7,216000.0,80.19444444444444,60.51312240567769,56.937943530122304,58.05347740398287,15967.0,65144.0,0.0,0.0,26.0,15.0,15.0,3.0,0.0,0.0,1.0
217000.0,4.152294937,4.4483177648804914E-7,217000.0,80.27281105990784,60.66811576842822,57.123826884746755,58.213267736519455,16967.0,65608.0,0.0,0.0,26.0,15.0,15.0,3.0,0.0,0.0,1.0
218000.0,4.167186417,4.464917451578445E-7,218000.0,80.34816513761469,60.817059731059985,57.30927136479592,58.372443278433664,17967.0,65632.0,0.0,0.0,26.0,15.0,15.0,3.0,0.0,0.0,1.0
219000.0,4.182156518,4.4816047779178495E-7,219000.0,80.42557077625571,60.970112802802646,57.49457130675339,58.533565486554465,18967.0,65632.0,0.0,0.0,26.0,15.0,15.0,3.0,0.0,0.0,1.0
220000.0,4.198520015,4.4998541423394283E-7,220000.0,80.5,61.11721970886924,57.67519411201769,58.683257569920656,19967.0,65840.0,0.0,0.0,26.0,15.0,15.0,3.0,0.0,0.0,1.0
221000.0,4.213419342,4.5164705934598254E-7,221000.0,80.57330316742082,61.26230541386417,57.84890285209367,58.845294811207715,20967.0,65840.0,0.0,0.0,26.0,15.0,15.0,3.0,0.0,0.0,1.0
222000.0,4.228193869,4.532948167349982E-7,222000.0,80.6463963963964,61.40679891301475,58.032975834651964,58.99855900905629,21967.0,65848.0,0.0,0.0,26.0,15.0,15.0,3.0,0.0,0.0,1.0
223000.0,4.243186605,4.549669103001973E-7,223000.0,80.71659192825112,61.54544695693295,58.20097591321761,59.148814895739335,22967.0,65848.0,0.0,0.0,26.0,15.0,15.0,3.0,0.0,0.0,1.0
224000.0,4.258144313,4.566350973006839E-7,224000.0,80.78660714285715,61.68385654846746,58.367110036275704,59.29943353224327,23967.0,65848.0,0.0,0.0,26.0,15.0,15.0,3.0,0.0,0.0,1.0
225000.0,4.272903693,4.582811653915466E-7,225000.0,80.86222222222223,61.8336055856731,58.54154029827754,59.471415394461914,24967.0,65848.0,0.0,0.0,26.0,15.0,15.0,3.0,0.0,0.0,1.0
226000.0,4.287814612,4.599441341592955E-7,226000.0,80.93407079646018,61.97569242821701,58.71949875935275,59.624250374812604,25967.0,65848.0,0.0,0.0,26.0,15.0,15.0,3.0,0.0,0.0,1.0
227000.0,4.302925863,4.616294453366022E-7,227000.0,81.00704845814978,62.120139483746826,58.887755199343935,59.77458691372537,26967.0,65848.0,0.0,0.0,26.0,15.0,15.0,3.0,0.0,0.0,1.0
228000.0,4.319158523,4.634700258882182E-7,228000.0,81.07587719298246,62.25635585972869,59.049580501879205,59.915086539265516,27967.0,72992.0,0.0,0.0,30.0,17.0,17.0,3.0,0.0,0.0,1.0
229000.0,4.336402226,4.654700697755093E-7,229000.0,81.14585152838428,62.394741985773805,59.211359149008544,60.06142119771337,28967.0,82968.0,0.0,0.0,36.0,20.0,20.0,3.0,0.0,0.0,1.0
230000.0,4.352096504,4.672909528158878E-7,230000.0,81.21652173913043,62.534535873800415,59.37256082078674,60.201562384847804,29967.0,83104.0,0.0,0.0,36.0,20.0,20.0,3.0,0.0,0.0,1.0
231000.0,4.367551038,4.6908571544868086E-7,231000.0,81.28225108225108,62.66479969121702,59.52824448916553,60.345207087567395,30967.0,83528.0,0.0,0.0,36.0,20.0,20.0,3.0,0.0,0.0,1.0
232000.0,4.382912138,4.7086969100703633E-7,232000.0,81.35387931034482,62.806790444575796,59.69458109719737,60.49622851715887,31967.0,83544.0,0.0,0.0,36.0,20.0,20.0,3.0,0.0,0.0,1.0
233000.0,4.398301159,4.726569091965552E-7,233000.0,81.4236051502146,62.94487174777608,59.86294256199114,60.63392451114144,32967.0,83544.0,0.0,0.0,36.0,20.0,20.0,3.0,0.0,0.0,1.0
234000.0,4.413706406,4.744461712215307E-7,234000.0,81.4940170940171,63.08451927848054,60.0232637574661,60.781046225184745,33967.0,83584.0,0.0,0.0,36.0,20.0,20.0,3.0,0.0,0.0,1.0
235000.0,4.429060954,4.762321187532987E-7,235000.0,81.56340425531916,63.22210992870318,60.19001764187004,60.92920074667918,34967.0,84232.0,0.0,0.0,36.0,20.0,20.0,3.0,0.0,0.0,1.0
236000.0,4.444482146,4.780260094040844E-7,236000.0,81.62457627118644,63.343408814175916,60.33367786548612,61.061327107838736,35967.0,84280.0,0.0,0.0,36.0,20.0,20.0,3.0,0.0,0.0,1.0
237000.0,4.459863861,4.798153078403887E-7,237000.0,81.69282700421941,63.47874701714665,60.49926712247703,61.202171133227814,36967.0,84280.0,0.0,0.0,36.0,20.0,20.0,3.0,0.0,0.0,1.0
238000.0,4.475256973,4.816060276208801E-7,238000.0,81.75966386554622,63.61128874717096,60.65223105439187,61.344896977899666,37967.0,84304.0,0.0,0.0,36.0,20.0,20.0,3.0,0.0,0.0,1.0
239000.0,4.490615079,4.833927386350086E-7,239000.0,81.82510460251045,63.74106753510039,60.81229814337007,61.48225654849521,38967.0,84320.0,0.0,0.0,36.0,20.0,20.0,3.0,0.0,0.0,1.0
240000.0,4.506036058,4.851869236617498E-7,240000.0,81.89041666666667,63.87053323003246,60.9647665322472,61.6241082150173,39967.0,84360.0,0.0,0.0,36.0,20.0,20.0,3.0,0.0,0.0,1.0
241000.0,4.521433583,4.869783798853705E-7,241000.0,81.9526970954357,63.99385419106732,61.11086274264359,61.75544730316728,40967.0,84360.0,0.0,0.0,36.0,20.0,20.0,3.0,0.0,0.0,1.0
242000.0,4.537032849,4.887956648302309E-7,242000.0,82.01404958677686,64.1154281162179,61.249254382450616,61.88549711903887,41967.0,84944.0,0.0,0.0,36.0,20.0,20.0,3.0,0.0,0.0,1.0
243000.0,4.552243469,4.905677047321514E-7,243000.0,82.07777777777778,64.2416946480347,61.3912997225202,62.0169371789393,42967.0,84952.0,0.0,0.0,36.0,20.0,20.0,3.0,0.0,0.0,1.0
244000.0,4.567620155,4.923592186469526E-7,244000.0,82.13934426229508,64.36362940848136,61.538122093074556,62.14680923138391,43967.0,84984.0,0.0,0.0,36.0,20.0,20.0,3.0,0.0,0.0,1.0
245000.0,4.58289826,4.941393419008022E-7,245000.0,82.20285714285714,64.48951666001709,61.680493549407664,62.277552362249,44967.0,85008.0,0.0,0.0,36.0,20.0,20.0,3.0,0.0,0.0,1.0
246000.0,4.598148675,4.959163335506745E-7,246000.0,82.26585365853659,64.61449960196887,61.83068523832854,62.411145862951365,45967.0,85032.0,0.0,0.0,36.0,20.0,20.0,3.0,0.0,0.0,1.0
247000.0,4.613377215,4.97690965408919E-7,247000.0,82.3251012145749,64.73184496905755,61.97456667537672,62.520067650518115,46967.0,85080.0,0.0,0.0,36.0,20.0,20.0,3.0,0.0,0.0,1.0
248000.0,4.628604129,4.99465407784035E-7,248000.0,82.3866935483871,64.85402745073938,62.12520593080726,62.65080844441785,47967.0,85080.0,0.0,0.0,36.0,20.0,20.0,3.0,0.0,0.0,1.0
249000.0,4.643846088,5.012417295818715E-7,249000.0,82.44618473895582,64.97189092490649,62.265828685878056,62.776457763811166,48967.0,85112.0,0.0,0.0,36.0,20.0,20.0,3.0,0.0,0.0,1.0
250000.0,4.659054579,5.030141824420978E-7,250000.0,82.5052,65.08880727229595,62.39779908008426,62.89638439742785,49967.0,85120.0,0.0,0.0,36.0,20.0,20.0,3.0,0.0,0.0,1.0
251000.0,4.674296356,5.04790514573838E-7,251000.0,82.56533864541834,65.208026466655,62.54204935502923,63.024081115335875,50967.0,85120.0,0.0,0.0,36.0,20.0,20.0,3.0,0.0,0.0,1.0
252000.0,4.689534885,5.065664681718439E-7,252000.0,82.62261904761905,65.32174486591624,62.66911043860023,63.14788477560192,51967.0,85120.0,0.0,0.0,36.0,20.0,20.0,3.0,0.0,0.0,1.0
253000.0,4.704790712,5.083444377416893E-7,253000.0,82.67707509881423,65.42958055532728,62.79036201861036,63.25765832229507,52967.0,85120.0,0.0,0.0,36.0,20.0,20.0,3.0,0.0,0.0,1.0
254000.0,4.720083803,5.101267818443066E-7,254000.0,82.73464566929134,65.54353704782706,62.921690312325616,63.37992885415101,53967.0,85128.0,0.0,0.0,36.0,20.0,20.0,3.0,0.0,0.0,1.0
255000.0,4.735359735,5.119072525997628E-7,255000.0,82.78823529411765,65.64959868927919,63.049645987152836,63.49496797804209,54967.0,85160.0,0.0,0.0,36.0,20.0,20.0,3.0,0.0,0.0,1.0
256000.0,4.750609725,5.136846997117295E-7,256000.0,82.848828125,65.76981568060913,63.189664567945734,63.62815510657156,55967.0,85160.0,0.0,0.0,36.0,20.0,20.0,3.0,0.0,0.0,1.0
257000.0,4.765960984,5.154739501292448E-7,257000.0,82.90661478599222,65.88451216613316,63.3189158497687,63.75233097348053,56967.0,85160.0,0.0,0.0,36.0,20.0,20.0,3.0,0.0,0.0,1.0
258000.0,4.782629155,5.174335951944071E-7,258000.0,82.96124031007753,65.99277944078025,63.4516415999468,63.873343030661644,57967.0,89056.0,0.0,0.0,38.0,21.0,21.0,4.0,0.0,0.0,1.0
259000.0,4.798456101,5.192943390411969E-7,259000.0,83.01621621621622,66.10185120827782,63.575840882367565,63.98706455442302,58967.0,89056.0,0.0,0.0,38.0,21.0,21.0,4.0,0.0,0.0,1.0
260000.0,4.814957728,5.212502844616773E-7,260000.0,83.07153846153847,66.21160753433443,63.7111668095772,64.10712246994929,59967.0,92752.0,0.0,0.0,40.0,22.0,22.0,4.0,0.0,0.0,1.0
261000.0,4.831540379,5.232303851829968E-7,261000.0,83.12796934865901,66.32334366917256,63.84475808106932,64.21670201441539,60967.0,96120.0,0.0,0.0,42.0,23.0,23.0,4.0,0.0,0.0,1.0
262000.0,4.848201582,5.252385204667994E-7,262000.0,83.17900763358779,66.42451625430986,63.96277791860532,64.32422368293236,61967.0,100424.0,0.0,0.0,44.0,24.0,24.0,4.0,0.0,0.0,1.0
263000.0,4.864219754,5.271698820777964E-7,263000.0,83.23536121673004,66.53627016317023,64.09907745922663,64.44188165842722,62967.0,100600.0,0.0,0.0,44.0,24.0,24.0,4.0,0.0,0.0,1.0
264000.0,4.880185052,5.290949676291626E-7,264000.0,83.28901515151516,66.64273182855591,64.22327105229013,64.56238151849115,63967.0,100624.0,0.0,0.0,44.0,24.0,24.0,4.0,0.0,0.0,1.0
265000.0,4.896140908,5.310190797817854E-7,265000.0,83.34226415094341,66.74827006271063,64.34473567303422,64.67570919857562,64967.0,100664.0,0.0,0.0,44.0,24.0,24.0,4.0,0.0,0.0,1.0
266000.0,4.91208975,5.329425771728388E-7,266000.0,83.39436090225564,66.85147933940753,64.46362773335049,64.77395069900234,65967.0,100720.0,0.0,0.0,44.0,24.0,24.0,4.0,0.0,0.0,1.0
267000.0,4.928044036,5.348667641522592E-7,267000.0,83.44569288389513,66.95324236507344,64.57822442339439,64.88161449229301,66967.0,100728.0,0.0,0.0,44.0,24.0,24.0,4.0,0.0,0.0,1.0
268000.0,4.944127666,5.36806550829508E-7,268000.0,83.4981343283582,67.05724457421125,64.70160987796216,64.99746731250198,67967.0,100728.0,0.0,0.0,44.0,24.0,24.0,4.0,0.0,0.0,1.0
269000.0,4.96011472,5.387348221828894E-7,269000.0,83.54758364312268,67.15530615715377,64.81983450052067,65.1047087393951,68967.0,100760.0,0.0,0.0,44.0,24.0,24.0,4.0,0.0,0.0,1.0
270000.0,4.976096197,5.406624539442714E-7,270000.0,83.59925925925926,67.25772857500797,64.93431419906085,65.20816801150248,69967.0,100768.0,0.0,0.0,44.0,24.0,24.0,4.0,0.0,0.0,1.0
271000.0,4.992070818,5.425892587580968E-7,271000.0,83.65055350553506,67.35942232820382,65.06060199824935,65.3168738453831,70967.0,100768.0,0.0,0.0,44.0,24.0,24.0,4.0,0.0,0.0,1.0
272000.0,5.008063017,5.445181837708939E-7,272000.0,83.69926470588234,67.45613434661053,65.17839612342827,65.42252862089401,71967.0,100768.0,0.0,0.0,44.0,24.0,24.0,4.0,0.0,0.0,1.0
273000.0,5.024332277,5.464805942873514E-7,273000.0,83.74945054945056,67.55573921245183,65.29208815452861,65.530476671458,72967.0,100784.0,0.0,0.0,44.0,24.0,24.0,4.0,0.0,0.0,1.0
274000.0,5.040264336,5.484023313626959E-7,274000.0,83.7985401459854,67.6531851434938,65.40200143404931,65.63129045244806,73967.0,100784.0,0.0,0.0,44.0,24.0,24.0,4.0,0.0,0.0,1.0
275000.0,5.056206598,5.503252991316615E-7,275000.0,83.84727272727272,67.74966068867678,65.50519130563085,65.72610201924338,74967.0,100784.0,0.0,0.0,44.0,24.0,24.0,4.0,0.0,0.0,1.0
276000.0,5.072093973,5.52241646388937E-7,276000.0,83.8963768115942,67.84737696383148,65.62328390993959,65.83862389128863,75967.0,100784.0,0.0,0.0,44.0,24.0,24.0,4.0,0.0,0.0,1.0
277000.0,5.0879583,5.54155213578921E-7,277000.0,83.94765342960288,67.94923046168967,65.74450710301684,65.94990312971429,76967.0,100784.0,0.0,0.0,44.0,24.0,24.0,4.0,0.0,0.0,1.0
278000.0,5.103838422,5.560706859738195E-7,278000.0,83.9953237410072,68.04365961211577,65.86179909768899,66.0426174957642,77967.0,100784.0,0.0,0.0,44.0,24.0,24.0,4.0,0.0,0.0,1.0
279000.0,5.119726933,5.579871702562792E-7,279000.0,84.0437275985663,68.13957668855922,65.97341649278088,66.14240299347459,78967.0,100784.0,0.0,0.0,44.0,24.0,24.0,4.0,0.0,0.0,1.0
280000.0,5.136377257,5.600114997997654E-7,280000.0,84.09214285714286,68.23559686797007,66.07693655133546,66.24455306733357,79967.0,104464.0,0.0,0.0,46.0,25.0,25.0,4.0,0.0,0.0,1.0
281000.0,5.152399345,5.619594490460826E-7,281000.0,84.13701067615659,68.32478559670776,66.18007450626324,66.34604495247301,80967.0,104464.0,0.0,0.0,46.0,25.0,25.0,4.0,0.0,0.0,1.0
282000.0,5.168452102,5.6391135955853E-7,282000.0,84.18652482269503,68.42304590170873,66.29531094113733,66.44721496986612,81967.0,104520.0,0.0,0.0,46.0,25.0,25.0,4.0,0.0,0.0,1.0
283000.0,5.184479449,5.658624691307132E-7,283000.0,84.23144876325088,68.51218590840773,66.4072086178213,66.54020049636722,82967.0,105072.0,0.0,0.0,46.0,25.0,25.0,4.0,0.0,0.0,1.0
284000.0,5.200495726,5.678122642296762E-7,284000.0,84.28133802816902,68.61135023502976,66.52368561165646,66.64898544661268,83967.0,105080.0,0.0,0.0,46.0,25.0,25.0,4.0,0.0,0.0,1.0
285000.0,5.216526742,5.697639863416762E-7,285000.0,84.32842105263157,68.70488523270367,66.62556883140172,66.74732163464043,84967.0,105112.0,0.0,0.0,46.0,25.0,25.0,4.0,0.0,0.0,1.0
286000.0,5.232560221,5.717162405964755E-7,286000.0,84.37482517482518,68.79688425417768,66.73168262287271,66.8452213137863,85967.0,105168.0,0.0,0.0,46.0,25.0,25.0,4.0,0.0,0.0,1.0
287000.0,5.248534541,5.736615230093754E-7,287000.0,84.4219512195122,68.89044275061251,66.83530031377725,66.94368248663595,86967.0,105224.0,0.0,0.0,46.0,25.0,25.0,4.0,0.0,0.0,1.0
288000.0,5.264644412,5.756233455677995E-7,288000.0,84.46319444444444,68.97215061541046,66.93099600180325,67.02409114692726,87967.0,105232.0,0.0,0.0,46.0,25.0,25.0,4.0,0.0,0.0,1.0
289000.0,5.280668867,5.775747663647414E-7,289000.0,84.50622837370241,69.05764390158345,67.03064485251889,67.11901247622613,88967.0,105232.0,0.0,0.0,46.0,25.0,25.0,4.0,0.0,0.0,1.0
290000.0,5.296680142,5.795245821319895E-7,290000.0,84.55103448275862,69.14639906714427,67.12913710499865,67.20949125747453,89967.0,105232.0,0.0,0.0,46.0,25.0,25.0,4.0,0.0,0.0,1.0
291000.0,5.312680523,5.814730712532978E-7,291000.0,84.59690721649484,69.23726033913782,67.23872033446135,67.29799730055083,90967.0,105232.0,0.0,0.0,46.0,25.0,25.0,4.0,0.0,0.0,1.0
292000.0,5.328745513,5.834294283081034E-7,292000.0,84.6400684931507,69.3227372731537,67.33880951340645,67.38464894738757,91967.0,105232.0,0.0,0.0,46.0,25.0,25.0,4.0,0.0,0.0,1.0
293000.0,5.344732939,5.853764721503669E-7,293000.0,84.68259385665529,69.40704598587658,67.4412193582554,67.4711893889976,92967.0,105264.0,0.0,0.0,46.0,25.0,25.0,4.0,0.0,0.0,1.0
294000.0,5.360728111,5.873244593465888E-7,294000.0,84.72619047619048,69.49370022133951,67.54246476328153,67.56731380366327,93967.0,105264.0,0.0,0.0,46.0,25.0,25.0,4.0,0.0,0.0,1.0
295000.0,5.376718779,5.89271898018898E-7,295000.0,84.77118644067797,69.5829371365083,67.64820255789839,67.66124388137058,94967.0,105264.0,0.0,0.0,46.0,25.0,25.0,4.0,0.0,0.0,1.0
296000.0,5.392698359,5.912180855428988E-7,296000.0,84.81351351351351,69.6670394189558,67.74906372415377,67.75137741046832,95967.0,105288.0,0.0,0.0,46.0,25.0,25.0,4.0,0.0,0.0,1.0
297000.0,5.408709541,5.931681219426606E-7,297000.0,84.85521885521885,69.74964320440704,67.83696818019305,67.83305800490584,96967.0,105288.0,0.0,0.0,46.0,25.0,25.0,4.0,0.0,0.0,1.0
298000.0,5.42468104,5.951133252642368E-7,298000.0,84.89630872483221,69.83128067260151,67.92608797896372,67.92265917869919,97967.0,105288.0,0.0,0.0,46.0,25.0,25.0,4.0,0.0,0.0,1.0
299000.0,5.440778997,5.970739301784649E-7,299000.0,84.93913043478261,69.91628948474604,68.01840830646421,68.01227455799516,98967.0,105288.0,0.0,0.0,46.0,25.0,25.0,4.0,0.0,0.0,1.0
300000.0,5.456777894,5.99022470361572E-7,300000.0,84.98333333333333,70.00390084454574,68.11883430286045,68.10167811371521,99967.0,105288.0,0.0,0.0,46.0,25.0,25.0,4.0,0.0,0.0,1.0
301000.0,5.474561266,6.007026357152625E-7,301000.0,84.92558139534884,69.88974990786922,67.99576794216188,68.01088535130638,976.0,4560.0,1.0,2.0,1.0,1.0,1.0,0.0,0.0,0.0,1.0
302000.0,5.489926424,6.021871466612755E-7,302000.0,84.87980132450332,69.80012191060439,67.89744166590505,67.94859196451132,1976.0,9088.0,0.0,2.0,3.0,2.0,2.0,1.0,0.0,0.0,1.0
303000.0,5.506462129,6.03749432972322E-7,303000.0,84.83003300330033,69.70197833524584,67.7965151716842,67.8759627077422,177.0,4560.0,1.0,7.0,1.0,1.0,1.0,0.0,0.0,0.0,1.0
304000.0,5.52153493,6.051913169465588E-7,304000.0,84.77861842105263,69.59936908753971,67.68509853764823,67.8006791549531,1177.0,9104.0,0.0,0.0,3.0,2.0,2.0,1.0,0.0,0.0,1.0
305000.0,5.536853698,6.066716946458941E-7,305000.0,84.74950819672131,69.54209013491909,67.62103651108559,67.7755916421881,2177.0,9104.0,0.0,4.0,3.0,2.0,2.0,1.0,0.0,0.0,1.0
306000.0,5.551509603,6.081050913631896E-7,306000.0,84.73300653594771,69.50972985945218,67.5828522260464,67.77671248939501,3177.0,13584.0,0.0,0.0,5.0,3.0,3.0,2.0,0.0,0.0,1.0
307000.0,5.566036954,6.095266967807628E-7,307000.0,84.7114006514658,69.46606373957309,67.5374347269772,67.76727832106361,4177.0,13624.0,0.0,1.0,5.0,3.0,3.0,2.0,0.0,0.0,1.0
308000.0,5.58136198,6.110892547523148E-7,308000.0,84.69707792207792,69.43647905480513,67.50434350955572,67.76944275388583,5177.0,29448.0,0.0,0.0,10.0,7.0,7.0,3.0,0.0,0.0,1.0
309000.0,5.595456946,6.125264526778129E-7,309000.0,84.68122977346279,69.4037603156326,67.46914259009814,67.77454778162806,6177.0,29464.0,0.0,0.0,10.0,7.0,7.0,3.0,0.0,0.0,1.0
310000.0,5.609704568,6.13979216223442E-7,310000.0,84.66903225806452,69.37891076899135,67.44281633408,67.78029368296882,7177.0,29464.0,0.0,0.0,10.0,7.0,7.0,3.0,0.0,0.0,1.0
311000.0,5.625790069,6.156923861006752E-7,311000.0,84.6572347266881,69.35464602477256,67.41489398026428,67.78405676746809,8177.0,46968.0,0.0,0.0,15.0,11.0,11.0,3.0,0.0,0.0,1.0
312000.0,5.642391887,6.175219800742861E-7,312000.0,84.65352564102564,69.34684646655666,67.40993336464311,67.80698038741082,9177.0,61232.0,0.0,0.0,20.0,15.0,15.0,3.0,0.0,0.0,1.0
313000.0,5.657651432,6.192125555203814E-7,313000.0,84.64472843450478,69.32933321891606,67.39215978940798,67.82223293430812,10177.0,63488.0,0.0,0.0,20.0,15.0,15.0,3.0,0.0,0.0,1.0
314000.0,5.67274349,6.208862308403312E-7,314000.0,84.64331210191082,69.32656709737557,67.3915983661987,67.8490465395386,11177.0,63912.0,0.0,0.0,20.0,15.0,15.0,3.0,0.0,0.0,1.0
315000.0,5.689828985,6.22778074304743E-7,315000.0,84.64222222222222,69.32422437106763,67.38270056702872,67.88163669076688,12177.0,63240.0,0.0,0.0,24.0,17.0,17.0,4.0,0.0,0.0,1.0
316000.0,5.706363955,6.246501269168367E-7,316000.0,84.64367088607595,69.3271955352856,67.38646826756995,67.9130877520118,13177.0,72832.0,0.0,0.0,24.0,17.0,17.0,4.0,0.0,0.0,1.0
317000.0,5.722322127,6.264577014173942E-7,317000.0,84.64794952681387,69.3357971274576,67.39798891963048,67.94894592298422,14177.0,73032.0,0.0,0.0,24.0,17.0,17.0,4.0,0.0,0.0,1.0
318000.0,5.738222611,6.282587416258167E-7,318000.0,84.65408805031447,69.34796336806674,67.42018613221529,67.98929478054957,15177.0,73032.0,0.0,0.0,24.0,17.0,17.0,4.0,0.0,0.0,1.0
319000.0,5.754779377,6.301501893256193E-7,319000.0,84.66175548589342,69.36309092110423,67.43797582920726,68.03509482527717,16177.0,76760.0,0.0,0.0,26.0,18.0,18.0,5.0,0.0,0.0,1.0
320000.0,5.770923874,6.319948734737707E-7,320000.0,84.66375000000001,69.36682352145948,67.44047184645088,68.06798144304408,17177.0,76840.0,0.0,0.0,26.0,18.0,18.0,5.0,0.0,0.0,1.0
321000.0,5.786772548,6.338080526663096E-7,321000.0,84.67009345794393,69.37943619000745,67.44855232085095,68.10905744504355,18177.0,77400.0,0.0,0.0,26.0,18.0,18.0,5.0,0.0,0.0,1.0
322000.0,5.802749188,6.356358719030915E-7,322000.0,84.6804347826087,69.3998234494847,67.46558853984605,68.16251452175035,19177.0,77400.0,0.0,0.0,26.0,18.0,18.0,5.0,0.0,0.0,1.0
323000.0,5.81871732,6.374627177758828E-7,323000.0,84.68049535603716,69.39958054383196,67.46510267014709,68.18900675024109,20177.0,77400.0,0.0,0.0,26.0,18.0,18.0,5.0,0.0,0.0,1.0
324000.0,5.8349886,6.393242455183283E-7,324000.0,84.68981481481481,69.41792148230385,67.48407142295288,68.2328756596137,21177.0,77400.0,0.0,0.0,26.0,18.0,18.0,5.0,0.0,0.0,1.0
325000.0,5.850760992,6.411307540984765E-7,325000.0,84.696,69.42999673499276,67.49575218925632,68.27265942449624,22177.0,77904.0,0.0,0.0,26.0,18.0,18.0,5.0,0.0,0.0,1.0
326000.0,5.866528624,6.429367501194757E-7,326000.0,84.70398773006134,69.44562652814624,67.51571610045275,68.31151499745806,23177.0,77912.0,0.0,0.0,26.0,18.0,18.0,5.0,0.0,0.0,1.0
327000.0,5.882215928,6.447338701821349E-7,327000.0,84.70305810397554,69.44345504908748,67.50828190971095,68.33492647291557,24177.0,77992.0,0.0,0.0,26.0,18.0,18.0,5.0,0.0,0.0,1.0
328000.0,5.897883314,6.465289354380948E-7,328000.0,84.71524390243901,69.46743071977265,67.53273666895487,68.3850747586346,25177.0,78048.0,0.0,0.0,26.0,18.0,18.0,5.0,0.0,0.0,1.0
329000.0,5.914277048,6.484233369028923E-7,329000.0,84.72188449848024,69.4802710337909,67.55317432140205,68.42432580140586,26177.0,81824.0,0.0,0.0,28.0,19.0,19.0,5.0,0.0,0.0,1.0
330000.0,5.931100933,6.503863865158627E-7,330000.0,84.72545454545455,69.48707601767653,67.56308036834689,68.45484698667002,27177.0,86152.0,0.0,0.0,30.0,20.0,20.0,5.0,0.0,0.0,1.0
331000.0,5.947272908,6.522765159135377E-7,331000.0,84.73504531722055,69.50586516073398,67.58721116713497,68.50114395077584,28177.0,86904.0,0.0,0.0,30.0,20.0,20.0,5.0,0.0,0.0,1.0
332000.0,5.963299171,6.541497807927618E-7,332000.0,84.74246987951807,69.52024007505767,67.60091335299046,68.54664447866473,29177.0,86944.0,0.0,0.0,30.0,20.0,20.0,5.0,0.0,0.0,1.0
333000.0,5.979432924,6.560356098762467E-7,333000.0,84.75705705705707,69.54904352646977,67.62942744537838,68.60274514897908,30177.0,86944.0,0.0,0.0,30.0,20.0,20.0,5.0,0.0,0.0,1.0
334000.0,5.995385625,6.579003753472619E-7,334000.0,84.76676646706586,69.56806529624093,67.65459411693654,68.64450127877238,31177.0,86968.0,0.0,0.0,30.0,20.0,20.0,5.0,0.0,0.0,1.0
335000.0,6.011750021,6.598140780752403E-7,335000.0,84.77373134328359,69.58162155439607,67.67185103497232,68.67792447037152,32177.0,87152.0,0.0,0.0,32.0,21.0,21.0,5.0,0.0,0.0,1.0
336000.0,6.027932234,6.617220824767466E-7,336000.0,84.78422619047619,69.60211857744716,67.6925021327688,68.72074739823918,33177.0,90864.0,0.0,0.0,32.0,21.0,21.0,5.0,0.0,0.0,1.0
337000.0,6.044497623,6.636773918024454E-7,337000.0,84.7946587537092,69.62244586865373,67.71893131406034,68.76687613904414,34177.0,91360.0,0.0,0.0,32.0,21.0,21.0,5.0,0.0,0.0,1.0
338000.0,6.060724437,6.655929050648712E-7,338000.0,84.80680473372782,69.64619435698984,67.74410351433686,68.81384135158443,35177.0,91400.0,0.0,0.0,32.0,21.0,21.0,5.0,0.0,0.0,1.0
339000.0,6.076726448,6.674819143117408E-7,339000.0,84.81799410029498,69.66804152759659,67.76805676459351,68.86279349752859,36177.0,91408.0,0.0,0.0,32.0,21.0,21.0,5.0,0.0,0.0,1.0
340000.0,6.093666033,6.695018311370684E-7,340000.0,84.8229411764706,69.6773602579775,67.77593905142537,68.89853238103848,37177.0,96000.0,0.0,0.0,34.0,22.0,22.0,5.0,0.0,0.0,1.0
341000.0,6.110809012,6.715633859633968E-7,341000.0,84.82903225806452,69.68892932474269,67.79428884475793,68.93342060856459,38177.0,99896.0,0.0,0.0,36.0,23.0,23.0,5.0,0.0,0.0,1.0
342000.0,6.127296794,6.73549220173829E-7,342000.0,84.84181286549708,69.71382656331575,67.82460278053625,68.98348689721192,39177.0,100616.0,0.0,0.0,36.0,23.0,23.0,5.0,0.0,0.0,1.0
343000.0,6.143795097,6.755363215626923E-7,343000.0,84.85043731778426,69.73039276800668,67.84607102415117,69.02520878164509,40177.0,100616.0,0.0,0.0,36.0,23.0,23.0,5.0,0.0,0.0,1.0
344000.0,6.159984591,6.774862626446558E-7,344000.0,84.85988372093023,69.74846258757414,67.86906282196023,69.07336480508299,41177.0,100624.0,0.0,0.0,36.0,23.0,23.0,5.0,0.0,0.0,1.0
345000.0,6.176333613,6.794554857237784E-7,345000.0,84.8704347826087,69.76871419457333,67.89240261058382,69.12187503697305,42177.0,100640.0,0.0,0.0,36.0,23.0,23.0,5.0,0.0,0.0,1.0
346000.0,6.192511603,6.814042421006186E-7,346000.0,84.87803468208092,69.78316572698982,67.91321199038414,69.16031074278844,43177.0,100672.0,0.0,0.0,36.0,23.0,23.0,5.0,0.0,0.0,1.0
347000.0,6.210285638,6.835807882340835E-7,347000.0,84.88904899135447,69.80425431708295,67.93339000360814,69.20985566477586,44177.0,108352.0,0.0,0.0,40.0,25.0,25.0,6.0,0.0,0.0,1.0
348000.0,6.227541774,6.857128780824032E-7,348000.0,84.89683908045977,69.81908511618589,67.95065673134384,69.24917651051084,45177.0,112576.0,0.0,0.0,42.0,26.0,26.0,6.0,0.0,0.0,1.0
349000.0,6.244146433,6.877653678818174E-7,349000.0,84.90916905444126,69.84294120805855,67.97482594022681,69.29700297894914,46177.0,112784.0,0.0,0.0,42.0,26.0,26.0,6.0,0.0,0.0,1.0
350000.0,6.26215942,6.900294435387232E-7,350000.0,84.92114285714287,69.86610535608983,68.0036860995247,69.34265864256338,47177.0,120784.0,0.0,0.0,46.0,28.0,28.0,6.0,0.0,0.0,1.0
351000.0,6.28143948,6.925095599617356E-7,351000.0,84.92849002849003,69.8799055832207,68.01632406287787,69.3824516726473,48177.0,132096.0,0.0,0.0,52.0,31.0,31.0,6.0,0.0,0.0,1.0
352000.0,6.299995471,6.949150453241027E-7,352000.0,84.94318181818183,69.90837690502745,68.0459174137692,69.43589033828127,49177.0,135928.0,0.0,0.0,54.0,32.0,32.0,6.0,0.0,0.0,1.0
353000.0,6.318834828,6.973810094593447E-7,353000.0,84.95552407932011,69.93232251056106,68.080323602421,69.47996344974628,50177.0,140776.0,0.0,0.0,56.0,33.0,33.0,6.0,0.0,0.0,1.0
354000.0,6.338769568,7.000347868124377E-7,354000.0,84.96045197740114,69.9413023517603,68.08746575876185,69.51146183492438,51177.0,149344.0,0.0,0.0,60.0,35.0,35.0,7.0,0.0,0.0,1.0
355000.0,6.357563587,7.025377189814592E-7,355000.0,84.97436619718309,69.96826263523903,68.1190343846563,69.55978360116872,52177.0,149552.0,0.0,0.0,60.0,35.0,35.0,7.0,0.0,0.0,1.0
356000.0,6.376394452,7.050457530547102E-7,356000.0,84.98511235955057,69.98881478992615,68.14158764594744,69.60324365513986,53177.0,149592.0,0.0,0.0,60.0,35.0,35.0,7.0,0.0,0.0,1.0
357000.0,6.395361295,7.075721332084556E-7,357000.0,84.99551820728291,70.00884965230244,68.16625858749138,69.6420475154153,54177.0,149640.0,0.0,0.0,60.0,35.0,35.0,7.0,0.0,0.0,1.0
358000.0,6.415114082,7.102228644762087E-7,358000.0,85.00614525139665,70.02918530667786,68.18911823445399,69.68372303174066,55177.0,153464.0,0.0,0.0,62.0,36.0,36.0,7.0,0.0,0.0,1.0
359000.0,6.43392587,7.127474738284844E-7,359000.0,85.02200557103065,70.06007370425596,68.2221394843064,69.73427218948235,56177.0,153496.0,0.0,0.0,62.0,36.0,36.0,7.0,0.0,0.0,1.0
360000.0,6.451862023,7.151550523963014E-7,360000.0,85.03555555555555,70.08618174537395,68.24764385870814,69.78338175740103,57177.0,153600.0,0.0,0.0,62.0,36.0,36.0,7.0,0.0,0.0,1.0
361000.0,6.469331136,7.174999761112367E-7,361000.0,85.04709141274238,70.10839878760322,68.27113543252473,69.82486346281772,58177.0,153608.0,0.0,0.0,62.0,36.0,36.0,7.0,0.0,0.0,1.0
362000.0,6.486765754,7.198402694741017E-7,362000.0,85.05745856353592,70.12809990450316,68.29475584523678,69.86786693108135,59177.0,153608.0,0.0,0.0,62.0,36.0,36.0,7.0,0.0,0.0,1.0
363000.0,6.504262649,7.221889224379491E-7,363000.0,85.07382920110193,70.16003534443045,68.32980675933177,69.91710575262758,60177.0,153608.0,0.0,0.0,62.0,36.0,36.0,7.0,0.0,0.0,1.0
364000.0,6.521744128,7.245355060726902E-7,364000.0,85.08791208791209,70.18714931042894,68.35815675187268,69.96691270043269,61177.0,153608.0,0.0,0.0,62.0,36.0,36.0,7.0,0.0,0.0,1.0
365000.0,6.539378909,7.268843098140012E-7,365000.0,85.09780821917808,70.20592457792245,68.3824127788693,70.00727858222041,62177.0,149592.0,0.0,0.0,64.0,37.0,37.0,7.0,0.0,0.0,1.0
366000.0,6.557649728,7.293579862615342E-7,366000.0,85.11229508196722,70.23377054942397,68.41693425918413,70.05868583297617,63177.0,158056.0,0.0,0.0,64.0,37.0,37.0,7.0,0.0,0.0,1.0
367000.0,6.575071979,7.317170279400982E-7,367000.0,85.13051771117166,70.26906002883413,68.45333410411307,70.11740354181953,64177.0,158112.0,0.0,0.0,64.0,37.0,37.0,7.0,0.0,0.0,1.0
368000.0,6.592512138,7.340786027154347E-7,368000.0,85.14239130434783,70.29184944202952,68.47955171737904,70.15941973617427,65177.0,158136.0,0.0,0.0,64.0,37.0,37.0,7.0,0.0,0.0,1.0
369000.0,6.609948978,7.364397280644398E-7,369000.0,85.15555555555555,70.31719310496783,68.51320667950449,70.20403944798925,66177.0,158136.0,0.0,0.0,64.0,37.0,37.0,7.0,0.0,0.0,1.0
370000.0,6.6273913,7.388015957319592E-7,370000.0,85.16675675675675,70.33867206260342,68.53958991350007,70.24327826544278,67177.0,158136.0,0.0,0.0,64.0,37.0,37.0,7.0,0.0,0.0,1.0
371000.0,6.645561353,7.412828010525513E-7,371000.0,85.17762803234501,70.35934401120949,68.56507522751176,70.28429078608211,68177.0,162536.0,0.0,0.0,66.0,38.0,38.0,7.0,0.0,0.0,1.0
372000.0,6.663057343,7.436722496110697E-7,372000.0,85.18763440860215,70.37825337257104,68.58906756810681,70.32389405314578,69177.0,162600.0,0.0,0.0,66.0,38.0,38.0,7.0,0.0,0.0,1.0
373000.0,6.681192929,7.461640995089957E-7,373000.0,85.19517426273458,70.39203029917785,68.59959969067006,70.36158416479265,70177.0,165784.0,0.0,0.0,68.0,39.0,39.0,7.0,0.0,0.0,1.0
374000.0,6.699026592,7.486201487796587E-7,374000.0,85.21069518716577,70.42177604497047,68.62745098039215,70.41474555782582,71177.0,167016.0,0.0,0.0,68.0,39.0,39.0,7.0,0.0,0.0,1.0
375000.0,6.716731543,7.510589482033563E-7,375000.0,85.22613333333334,70.45179540826128,68.66455885929538,70.44328142421963,72177.0,167120.0,0.0,0.0,68.0,39.0,39.0,7.0,0.0,0.0,1.0
376000.0,6.734393517,7.534918276850651E-7,376000.0,85.23882978723404,70.47631061067023,68.69228729855199,70.45408570668084,73177.0,167120.0,0.0,0.0,68.0,39.0,39.0,7.0,0.0,0.0,1.0
377000.0,6.752143495,7.559368661670407E-7,377000.0,85.25172413793103,70.50109249434152,68.71638196835687,70.46333482076454,74177.0,167128.0,0.0,0.0,68.0,39.0,39.0,7.0,0.0,0.0,1.0
378000.0,6.77020165,7.58421851657898E-7,378000.0,85.26455026455027,70.52565895648453,68.73614315141923,70.47144954964985,75177.0,166584.0,0.0,0.0,70.0,40.0,40.0,7.0,0.0,0.0,1.0
379000.0,6.788669271,7.60981911968181E-7,379000.0,85.27968337730871,70.55511474353715,68.77361289130936,70.48866413465507,76177.0,170480.0,0.0,0.0,72.0,41.0,41.0,7.0,0.0,0.0,1.0
380000.0,6.806991255,7.635479856814836E-7,380000.0,85.29578947368421,70.58615863964303,68.80788232338739,70.50230962122212,77177.0,175992.0,0.0,0.0,72.0,41.0,41.0,7.0,0.0,0.0,1.0
381000.0,6.82508077,7.660823247377511E-7,381000.0,85.30629921259842,70.60615962610893,68.82923814455376,70.5073227267938,78177.0,176168.0,0.0,0.0,72.0,41.0,41.0,7.0,0.0,0.0,1.0
382000.0,6.842997669,7.685925544732911E-7,382000.0,85.32356020942409,70.63950454970474,68.86423085253496,70.52365930599369,79177.0,176184.0,0.0,0.0,72.0,41.0,41.0,7.0,0.0,0.0,1.0
383000.0,6.860962135,7.711095600752594E-7,383000.0,85.3360313315927,70.66305835703852,68.88907353552139,70.52739294710328,80177.0,176208.0,0.0,0.0,72.0,41.0,41.0,7.0,0.0,0.0,1.0
384000.0,6.878904095,7.736234866217833E-7,384000.0,85.34895833333334,70.687856011135,68.91953108599334,70.53725262237305,81177.0,176224.0,0.0,0.0,72.0,41.0,41.0,7.0,0.0,0.0,1.0
385000.0,6.896855416,7.761387619311465E-7,385000.0,85.36207792207792,70.71289246420112,68.94575591262755,70.54543934104069,82177.0,176232.0,0.0,0.0,72.0,41.0,41.0,7.0,0.0,0.0,1.0
386000.0,6.914692811,7.786380743342202E-7,386000.0,85.37435233160622,70.73609309699562,68.97565532780129,70.55003182088494,83177.0,176232.0,0.0,0.0,72.0,41.0,41.0,7.0,0.0,0.0,1.0
387000.0,6.932581578,7.81144584799386E-7,387000.0,85.38656330749353,70.75965962342494,69.00114558838844,70.56211708733922,84177.0,176232.0,0.0,0.0,72.0,41.0,41.0,7.0,0.0,0.0,1.0
388000.0,6.950605159,7.836699849231767E-7,388000.0,85.39613402061855,70.77769559950578,69.02459424148167,70.56543985870496,85177.0,176232.0,0.0,0.0,72.0,41.0,41.0,7.0,0.0,0.0,1.0
389000.0,6.969336229,7.863162248122173E-7,389000.0,85.40616966580977,70.79646125870129,69.04664540225185,70.56673423995605,86177.0,180688.0,0.0,0.0,74.0,42.0,42.0,7.0,0.0,0.0,1.0
390000.0,6.987698111,7.889103835130875E-7,390000.0,85.41615384615385,70.81534099411955,69.0677413039222,70.57122160707817,87177.0,180704.0,0.0,0.0,74.0,42.0,42.0,7.0,0.0,0.0,1.0
391000.0,7.00579382,7.914670872122441E-7,391000.0,85.42557544757034,70.83294162134615,69.08546442870008,70.57283463550408,88177.0,180736.0,0.0,0.0,74.0,42.0,42.0,7.0,0.0,0.0,1.0
392000.0,7.023796207,7.940106056472802E-7,392000.0,85.43622448979592,70.85346470293878,69.115331973665,70.58338571884951,89177.0,180736.0,0.0,0.0,74.0,42.0,42.0,7.0,0.0,0.0,1.0
393000.0,7.04211403,7.96598729265154E-7,393000.0,85.45139949109415,70.882547480916,69.14792011784829,70.59604011313962,90177.0,180744.0,0.0,0.0,74.0,42.0,42.0,7.0,0.0,0.0,1.0
394000.0,7.060827498,7.992590199208381E-7,394000.0,85.46319796954315,70.90482695237353,69.17268142502677,70.601369455195,91177.0,184080.0,0.0,0.0,76.0,43.0,43.0,7.0,0.0,0.0,1.0
395000.0,7.079286858,8.018831103927019E-7,395000.0,85.47443037974683,70.92638150836949,69.19922053242145,70.61107411770732,92177.0,184056.0,0.0,0.0,78.0,44.0,44.0,7.0,0.0,0.0,1.0
396000.0,7.102718845,8.055470996853624E-7,396000.0,85.48838383838384,70.95302439854743,69.22887450268537,70.62200614491154,93177.0,238952.0,0.0,0.0,100.0,64.0,64.0,7.0,0.0,0.0,1.0
397000.0,7.130739484,8.105567685038387E-7,397000.0,85.50100755667506,70.97724625571855,69.25767877075579,70.63334149626547,94177.0,325424.0,0.0,0.0,122.0,84.0,84.0,7.0,0.0,0.0,1.0
398000.0,7.154992917,8.149811102406533E-7,398000.0,85.51080402010051,70.9956032228998,69.27769253718623,70.63633910249555,95177.0,339424.0,0.0,0.0,124.0,85.0,85.0,7.0,0.0,0.0,1.0
399000.0,7.177463625,8.190986612222196E-7,399000.0,85.52756892230576,71.02790297057847,69.3090619186819,70.65385319049459,96177.0,342592.0,0.0,0.0,124.0,85.0,85.0,7.0,0.0,0.0,1.0
400000.0,7.199673729,8.231768707198502E-7,400000.0,85.539,71.0495429281978,69.33402606215473,70.66094533797937,97177.0,344056.0,0.0,0.0,124.0,85.0,85.0,7.0,0.0,0.0,1.0
401000.0,7.224151061,8.254894785412005E-7,401000.0,85.47930174563591,70.92889543698365,69.20684950342157,70.52746663157308,957.0,4560.0,1.0,4.0,1.0,1.0,1.0,0.0,0.0,0.0,1.0
402000.0,7.240699796,8.27069093118674E-7,402000.0,85.41940298507463,70.80735940928459,69.07843023470511,70.38889394077171,650.0,4560.0,1.0,7.0,1.0,1.0,1.0,0.0,0.0,0.0,1.0
403000.0,7.258110895,8.287493997070128E-7,403000.0,85.36600496277916,70.69925052253318,68.96248657979496,70.26690463226247,1650.0,8496.0,0.0,8.0,3.0,2.0,2.0,1.0,0.0,0.0,1.0
404000.0,7.274833122,8.303479624731484E-7,404000.0,85.30519801980198,70.57659974837487,68.83638406097604,70.1340188552053,821.0,4560.0,1.0,7.0,1.0,1.0,1.0,0.0,0.0,0.0,1.0
405000.0,7.290835648,8.318946491264569E-7,405000.0,85.24962962962962,70.46481556539781,68.72336415325493,70.01159597805298,1821.0,9088.0,0.0,4.0,3.0,2.0,2.0,1.0,0.0,0.0,1.0
406000.0,7.305632602,8.332926589893194E-7,406000.0,85.19384236453203,70.35201979959578,68.6095633965358,69.88462444078174,439.0,4560.0,1.0,2.0,1.0,1.0,1.0,0.0,0.0,0.0,1.0
407000.0,7.319856542,8.346365307354075E-7,407000.0,85.14520884520884,70.25386803019738,68.50847722478318,69.77699794544172,1439.0,4560.0,0.0,0.0,1.0,1.0,1.0,0.0,0.0,0.0,1.0
408000.0,7.340347847,8.370233472782204E-7,408000.0,85.09754901960784,70.15725369939226,68.41044291466424,69.66618939050005,2439.0,89480.0,0.0,0.0,23.0,21.0,21.0,2.0,0.0,0.0,1.0
409000.0,7.359729872,8.388739674457056E-7,409000.0,85.0354523227384,70.03109187411785,68.27704523779909,69.52276145043871,361.0,4560.0,2.0,9.0,1.0,1.0,1.0,0.0,0.0,0.0,1.0
410000.0,7.373935445,8.402303334541326E-7,410000.0,84.98121951219512,69.92105174147103,68.16459262859124,69.39847531582035,1361.0,4560.0,0.0,0.0,1.0,1.0,1.0,0.0,0.0,0.0,1.0
411000.0,7.391062455,8.418858108120367E-7,411000.0,84.9301703163017,69.8175298087364,68.05790494265203,69.28246228314669,2361.0,9048.0,0.0,8.0,3.0,2.0,2.0,1.0,0.0,0.0,1.0
412000.0,7.40727988,8.434536372250688E-7,412000.0,84.87864077669903,69.71269098847925,67.9500370400856,69.16269032015366,3361.0,9104.0,0.0,7.0,3.0,2.0,2.0,1.0,0.0,0.0,1.0
413000.0,7.423875219,8.450764079870819E-7,413000.0,84.83535108958837,69.6246473219316,67.85897567484346,69.06060426423221,4361.0,12792.0,0.0,6.0,5.0,3.0,3.0,2.0,0.0,0.0,1.0
414000.0,7.439976991,8.465976964945385E-7,414000.0,84.78019323671498,69.51339379008832,67.74424735723976,68.93779177820173,892.0,4560.0,1.0,3.0,1.0,1.0,1.0,0.0,0.0,0.0,1.0
415000.0,7.454751495,8.480085987934592E-7,415000.0,84.73253012048193,69.41656439940357,67.64557194724023,68.8258013727275,1892.0,4560.0,0.0,2.0,1.0,1.0,1.0,0.0,0.0,0.0,1.0
416000.0,7.469675866,8.494186469597926E-7,416000.0,84.67451923076923,69.29837805678795,67.5243106671489,68.69217623602898,467.0,4560.0,1.0,1.0,1.0,1.0,1.0,0.0,0.0,0.0,1.0
417000.0,7.485184863,8.50899305046451E-7,417000.0,84.62230215827337,69.19198675495919,67.41549624992376,68.5681794787587,526.0,4560.0,1.0,4.0,1.0,1.0,1.0,0.0,0.0,0.0,1.0
418000.0,7.501747038,8.524976838604317E-7,418000.0,84.58014354066987,69.10576232426013,67.32567865561555,68.46608838595102,1526.0,8488.0,0.0,6.0,3.0,2.0,2.0,1.0,0.0,0.0,1.0
419000.0,7.516304193,8.538730376166993E-7,419000.0,84.52816229116945,68.9997037784875,67.21736755871109,68.34433658222162,787.0,4560.0,1.0,1.0,1.0,1.0,1.0,0.0,0.0,0.0,1.0
420000.0,7.5316493,8.55337921942317E-7,420000.0,84.48071428571428,68.90287161248764,67.11086666935778,68.23290315034312,1787.0,4560.0,0.0,4.0,1.0,1.0,1.0,0.0,0.0,0.0,1.0
421000.0,7.550114168,8.571009325888689E-7,421000.0,84.41923990498812,68.77865753564456,66.98376745941864,68.09535158586944,807.0,4560.0,1.0,11.0,1.0,1.0,1.0,0.0,0.0,0.0,1.0
422000.0,7.565419415,8.585803204017813E-7,422000.0,84.3718009478673,68.68226739703934,66.88558502919749,67.98401895200831,1807.0,9104.0,0.0,1.0,3.0,2.0,2.0,1.0,0.0,0.0,1.0
423000.0,7.579576534,8.599487314646378E-7,423000.0,84.32860520094563,68.59471054629883,66.79772607748366,67.88477469926796,2807.0,9104.0,0.0,0.0,3.0,2.0,2.0,1.0,0.0,0.0,1.0
424000.0,7.596391019,8.615955065115601E-7,424000.0,84.2808962264151,68.49770261007338,66.69964275899972,67.7714324398818,3807.0,13464.0,0.0,7.0,5.0,3.0,3.0,2.0,0.0,0.0,1.0
425000.0,7.616289702,8.635678977270277E-7,425000.0,84.23364705882352,68.40128003788928,66.60153816247899,67.6575924317019,4807.0,18048.0,0.0,17.0,7.0,4.0,4.0,2.0,0.0,0.0,1.0
426000.0,7.631930107,8.650608424995072E-7,426000.0,84.18145539906104,68.29575532112906,66.49629846917215,67.54029344611324,961.0,4560.0,1.0,3.0,1.0,1.0,1.0,0.0,0.0,0.0,1.0
427000.0,7.649398526,8.667285322386148E-7,427000.0,84.13255269320842,68.19646818175892,66.39269859378487,67.42831045838041,1961.0,4560.0,0.0,11.0,1.0,1.0,1.0,0.0,0.0,0.0,1.0
428000.0,7.664341811,8.681403673915501E-7,428000.0,84.07593457943925,68.08014450755397,66.27325811559778,67.29669296174737,856.0,4560.0,1.0,2.0,1.0,1.0,1.0,0.0,0.0,0.0,1.0
429000.0,7.681251026,8.69737942767081E-7,429000.0,84.02494172494173,67.9756148440864,66.16289288923561,67.1737516465094,140.0,4560.0,1.0,9.0,1.0,1.0,1.0,0.0,0.0,0.0,1.0
430000.0,7.697289678,8.712854987930794E-7,430000.0,83.97674418604652,67.87695575949651,66.06228973642861,67.06154566923864,1140.0,8488.0,0.0,4.0,3.0,2.0,2.0,1.0,0.0,0.0,1.0
431000.0,7.713343354,8.728182243301344E-7,431000.0,83.92529002320185,67.77239765374661,65.95679861629782,66.94371815180259,952.0,4560.0,1.0,5.0,1.0,1.0,1.0,0.0,0.0,0.0,1.0
432000.0,7.733684631,8.751293856686372E-7,432000.0,83.88055555555556,67.68099829087451,65.86621178477421,66.83636779266301,1952.0,74496.0,0.0,1.0,23.0,21.0,21.0,2.0,0.0,0.0,1.0
433000.0,7.751550906,8.772307769628322E-7,433000.0,83.83487297921478,67.58853177274847,65.76625485420273,66.73035881494579,2952.0,90040.0,0.0,4.0,23.0,21.0,21.0,2.0,0.0,0.0,1.0
434000.0,7.769818211,8.789751890969336E-7,434000.0,83.78801843317973,67.49325324691962,65.66950802394742,66.62144083797452,763.0,4560.0,1.0,5.0,1.0,1.0,1.0,0.0,0.0,0.0,1.0
435000.0,7.784118529,8.803262770036792E-7,435000.0,83.73701149425288,67.38830949544615,65.56313312012307,66.50045695831498,544.0,4560.0,1.0,1.0,1.0,1.0,1.0,0.0,0.0,0.0,1.0
436000.0,7.798632414,8.816975426289188E-7,436000.0,83.68440366972477,67.28050952718785,65.45488097434952,66.37946924403904,307.0,4560.0,1.0,2.0,1.0,1.0,1.0,0.0,0.0,0.0,1.0
437000.0,7.812350742,8.830072155216582E-7,437000.0,83.63432494279176,67.17664368975936,65.35081344534557,66.25936479779585,1307.0,4560.0,0.0,1.0,1.0,1.0,1.0,0.0,0.0,0.0,1.0
438000.0,7.834998584,8.856691291447023E-7,438000.0,83.58812785388128,67.08215479979869,65.25362283813962,66.14849941841572,2307.0,89752.0,0.0,7.0,23.0,21.0,21.0,2.0,0.0,0.0,1.0
439000.0,7.852119322,8.872866891224846E-7,439000.0,83.53348519362187,66.9702631100658,65.13922512321449,66.02576454719349,953.0,4560.0,1.0,1.0,1.0,1.0,1.0,0.0,0.0,0.0,1.0
440000.0,7.866840097,8.886948673602171E-7,440000.0,83.48840909090909,66.87815144694193,65.04794115241582,65.91986940429783,1953.0,9096.0,0.0,0.0,3.0,2.0,2.0,1.0,0.0,0.0,1.0
441000.0,7.883366521,8.902727627399293E-7,441000.0,83.43968253968254,66.77909500298753,64.94506391210226,65.80609516853248,939.0,4560.0,1.0,7.0,1.0,1.0,1.0,0.0,0.0,0.0,1.0
442000.0,7.899461654,8.917934239975154E-7,442000.0,83.39434389140271,66.68614610213271,64.84767501448775,65.69720705899947,364.0,4560.0,1.0,6.0,1.0,1.0,1.0,0.0,0.0,0.0,1.0
443000.0,7.915346169,8.932941861568617E-7,443000.0,83.34221218961625,66.57958473904077,64.73303894018466,65.57537646246571,374.0,4560.0,2.0,5.0,1.0,1.0,1.0,0.0,0.0,0.0,1.0
444000.0,7.930394,8.947305983034105E-7,444000.0,83.29617117117117,66.48509437914147,64.63516980268366,65.46401113868879,1374.0,4560.0,0.0,3.0,1.0,1.0,1.0,0.0,0.0,0.0,1.0
445000.0,7.953623556,8.969253167838435E-7,445000.0,83.24494382022472,66.3806557637852,64.53087611970828,65.34800713860797,382.0,4560.0,1.0,9.0,1.0,1.0,1.0,0.0,0.0,0.0,1.0
446000.0,7.968257141,8.983078916137063E-7,446000.0,83.19529147982064,66.27905096648428,64.42806494634476,65.23185259407705,88.0,4560.0,1.0,1.0,1.0,1.0,1.0,0.0,0.0,0.0,1.0
447000.0,7.983714981,8.997834417534844E-7,447000.0,83.14250559284116,66.17041735292511,64.32065153057601,65.10999060067694,1088.0,4560.0,0.0,6.0,1.0,1.0,1.0,0.0,0.0,0.0,1.0
448000.0,8.00416147,9.01922354913455E-7,448000.0,83.09754464285714,66.07822550723735,64.2223681661619,65.00510668583023,2088.0,39896.0,0.0,11.0,23.0,21.0,21.0,2.0,0.0,0.0,1.0
449000.0,8.023317752,9.041765443855955E-7,449000.0,83.04922048997773,65.97926184385055,64.11882289712135,64.88740848046429,3088.0,90064.0,0.0,3.0,23.0,21.0,21.0,2.0,0.0,0.0,1.0
450000.0,8.041619429,9.06329601215993E-7,450000.0,83.00422222222223,65.8877248078907,64.0243472207196,64.78126726837355,4088.0,90080.0,0.0,6.0,23.0,21.0,21.0,2.0,0.0,0.0,1.0
451000.0,8.059809044,9.084897656151276E-7,451000.0,82.96274944567628,65.80368405752465,63.941565419793235,64.68582248694756,5088.0,94416.0,0.0,4.0,25.0,22.0,22.0,2.0,0.0,0.0,1.0
452000.0,8.077032457,9.105355064966132E-7,452000.0,82.92942477876106,65.73557077407013,63.87078346537807,64.60190388806055,6088.0,94528.0,0.0,2.0,25.0,22.0,22.0,2.0,0.0,0.0,1.0
453000.0,8.094659978,9.122009471147172E-7,453000.0,82.88830022075055,65.64952720009187,63.783493353890734,64.4983855824498,81.0,4560.0,2.0,3.0,1.0,1.0,1.0,0.0,0.0,0.0,1.0
454000.0,8.10951146,9.13618555014311E-7,454000.0,82.83546255506607,65.54063121338825,63.67716975855318,64.37443711455204,1081.0,4560.0,0.0,3.0,1.0,1.0,1.0,0.0,0.0,0.0,1.0
455000.0,8.123683756,9.149742661644308E-7,455000.0,82.78747252747253,65.44024549129999,63.57772352052087,64.25872345086299,2081.0,4560.0,0.0,2.0,1.0,1.0,1.0,0.0,0.0,0.0,1.0
456000.0,8.139979259,9.165300464214111E-7,456000.0,82.74035087719298,65.34354884560909,63.4774054033987,64.15147622821641,475.0,4560.0,1.0,5.0,1.0,1.0,1.0,0.0,0.0,0.0,1.0
457000.0,8.156826739,9.181217891006396E-7,457000.0,82.69168490153173,65.24422808490668,63.374327440430434,64.04247678187463,528.0,4560.0,2.0,7.0,1.0,1.0,1.0,0.0,0.0,0.0,1.0
458000.0,8.171030612,9.194637649251807E-7,458000.0,82.65218340611354,65.16383920767717,63.29708605110959,63.95087158918703,1528.0,4560.0,0.0,0.0,1.0,1.0,1.0,0.0,0.0,0.0,1.0
459000.0,8.187842055,9.21101891710998E-7,459000.0,82.61045751633988,65.07824200099796,63.20513352418096,63.853653897536,2528.0,12104.0,0.0,5.0,5.0,3.0,3.0,2.0,0.0,0.0,1.0
460000.0,8.203641592,9.225946251853781E-7,460000.0,82.56717391304348,64.98877514401832,63.11412446010405,63.74777918925151,62.0,4560.0,2.0,3.0,1.0,1.0,1.0,0.0,0.0,0.0,1.0
461000.0,8.219137964,9.240747514507566E-7,461000.0,82.52190889370932,64.8943412274863,63.01434001064943,63.6369380184311,330.0,4560.0,1.0,5.0,1.0,1.0,1.0,0.0,0.0,0.0,1.0
462000.0,8.234081418,9.255012001420659E-7,462000.0,82.48354978354978,64.81487090462811,62.93222303143564,63.539456196075776,1330.0,4560.0,0.0,2.0,1.0,1.0,1.0,0.0,0.0,0.0,1.0
463000.0,8.251243405,9.271226573076636E-7,463000.0,82.43434125269978,64.71405751272727,62.83054395217681,63.426271529432924,650.0,4560.0,1.0,7.0,1.0,1.0,1.0,0.0,0.0,0.0,1.0
464000.0,8.2662905,9.285443003848421E-7,464000.0,82.38836206896552,64.62008831612715,62.73468103444344,63.318804734737114,785.0,4560.0,1.0,2.0,1.0,1.0,1.0,0.0,0.0,0.0,1.0
465000.0,8.280462139,9.298832307548985E-7,465000.0,82.35440860215054,64.5496445887793,62.66256518534025,63.23406848468013,1785.0,4560.0,0.0,0.0,1.0,1.0,1.0,0.0,0.0,0.0,1.0
466000.0,8.301664764,9.323747103749255E-7,466000.0,82.31394849785407,64.46700738957684,62.57787101109717,63.14087656529516,2785.0,89592.0,0.0,2.0,23.0,21.0,21.0,2.0,0.0,0.0,1.0
467000.0,8.322762475,9.343680130547759E-7,467000.0,82.26488222698073,64.36698219931031,62.47598767669446,63.026601847263706,147.0,4560.0,1.0,12.0,1.0,1.0,1.0,0.0,0.0,0.0,1.0
468000.0,8.337612548,9.357878529643948E-7,468000.0,82.22264957264957,64.27914917168499,62.38720410857339,62.92457286476948,1147.0,4560.0,0.0,2.0,1.0,1.0,1.0,0.0,0.0,0.0,1.0
469000.0,8.352837133,9.372588454110132E-7,469000.0,82.18507462686567,64.19994783948736,62.30980553137165,62.82877175499164,2147.0,9080.0,0.0,2.0,3.0,2.0,2.0,1.0,0.0,0.0,1.0
470000.0,8.371743855,9.39086034676271E-7,470000.0,82.14425531914894,64.11605973592955,62.224012747741476,62.73445825932505,3147.0,9104.0,0.0,16.0,3.0,2.0,2.0,1.0,0.0,0.0,1.0
471000.0,8.387530325,9.405775335860995E-7,471000.0,82.10552016985137,64.0358205071668,62.139568313006755,62.63836125308638,677.0,4560.0,1.0,2.0,1.0,1.0,1.0,0.0,0.0,0.0,1.0
472000.0,8.403279122,9.420809878160367E-7,472000.0,82.06864406779661,63.9589675207096,62.06415870696495,62.5484539002071,1677.0,4560.0,0.0,5.0,1.0,1.0,1.0,0.0,0.0,0.0,1.0
473000.0,8.41829541,9.43532880268939E-7,473000.0,82.03255813953488,63.885360539551016,61.98854995974595,62.46201413427561,2677.0,9104.0,0.0,1.0,3.0,2.0,2.0,1.0,0.0,0.0,1.0
474000.0,8.432444522,9.449009273474227E-7,474000.0,81.9970464135021,63.81288547186096,61.916535383873864,62.37428184676163,3677.0,9104.0,0.0,0.0,3.0,2.0,2.0,1.0,0.0,0.0,1.0
475000.0,8.449165009,9.465563871189618E-7,475000.0,81.95705263157895,63.73202877621219,61.83299933199734,62.2794972008028,4677.0,18048.0,0.0,5.0,7.0,4.0,4.0,2.0,0.0,0.0,1.0
476000.0,8.465020208,9.480729850592006E-7,476000.0,81.9123949579832,63.63994114619451,61.74061812606928,62.17079536367392,570.0,4560.0,1.0,4.0,1.0,1.0,1.0,0.0,0.0,0.0,1.0
477000.0,8.481048853,9.495873645590843E-7,477000.0,81.87002096436059,63.55215617385128,61.6513680102878,62.07100721475407,547.0,4560.0,1.0,6.0,1.0,1.0,1.0,0.0,0.0,0.0,1.0
478000.0,8.497039484,9.511160896239262E-7,478000.0,81.8357740585774,63.48067171974061,61.574887479587005,61.98372075712928,1547.0,4560.0,0.0,6.0,1.0,1.0,1.0,0.0,0.0,0.0,1.0
479000.0,8.512884164,9.526285333347897E-7,479000.0,81.79540709812109,63.397381847438126,61.49073260348262,61.88877816821384,936.0,4560.0,1.0,3.0,1.0,1.0,1.0,0.0,0.0,0.0,1.0
480000.0,8.530381774,9.542817000173733E-7,480000.0,81.756875,63.315925826111574,61.40229469610482,61.78933450859409,164.0,4560.0,2.0,11.0,1.0,1.0,1.0,0.0,0.0,0.0,1.0
481000.0,8.545432727,9.557185036274952E-7,481000.0,81.7081081081081,63.21476261996407,61.303942437943114,61.676604975107054,1164.0,4560.0,0.0,4.0,1.0,1.0,1.0,0.0,0.0,0.0,1.0
482000.0,8.560175763,9.571432436401972E-7,482000.0,81.67634854771785,63.14850629605883,61.234083457329845,61.59332057749175,2164.0,9080.0,0.0,0.0,3.0,2.0,2.0,1.0,0.0,0.0,1.0
483000.0,8.574901019,9.585344795067934E-7,483000.0,81.63498964803313,63.06396689274464,61.145107383932064,61.49508612307265,660.0,4560.0,1.0,1.0,1.0,1.0,1.0,0.0,0.0,0.0,1.0
484000.0,8.589051612,9.59871421459803E-7,484000.0,81.59772727272727,62.987005065972,61.07058407017758,61.40091614698222,1660.0,4560.0,0.0,0.0,1.0,1.0,1.0,0.0,0.0,0.0,1.0
485000.0,8.606283608,9.614994930456718E-7,485000.0,81.5560824742268,62.90073963803133,60.98134408109674,61.29887772672601,94.0,4560.0,1.0,8.0,1.0,1.0,1.0,0.0,0.0,0.0,1.0
486000.0,8.622078733,9.63007500723099E-7,486000.0,81.52222222222221,62.830050616882446,60.91163527624586,61.21333056908883,1094.0,4560.0,0.0,5.0,1.0,1.0,1.0,0.0,0.0,0.0,1.0
487000.0,8.639959337,9.647143192521765E-7,487000.0,81.48028747433264,62.74300782774994,60.81939937356914,61.110488280239394,558.0,4560.0,1.0,10.0,1.0,1.0,1.0,0.0,0.0,0.0,1.0
488000.0,8.655177934,9.66152165764704E-7,488000.0,81.4422131147541,62.66306636677036,60.74043567790183,61.01489890184634,236.0,4560.0,1.0,3.0,1.0,1.0,1.0,0.0,0.0,0.0,1.0
489000.0,8.669787104,9.675324338758461E-7,489000.0,81.39938650306749,62.57253664409054,60.65056759188758,60.91115761969633,451.0,4560.0,1.0,3.0,1.0,1.0,1.0,0.0,0.0,0.0,1.0
490000.0,8.685256034,9.689939317427673E-7,490000.0,81.36122448979592,62.4928670225672,60.568695006432996,60.817037488309026,566.0,4560.0,1.0,5.0,1.0,1.0,1.0,0.0,0.0,0.0,1.0
491000.0,8.700271015,9.70445138473032E-7,491000.0,81.32566191446028,62.419859051185725,60.49844907806309,60.733082948262805,1566.0,9080.0,0.0,1.0,3.0,2.0,2.0,1.0,0.0,0.0,1.0
492000.0,8.714450484,9.718156805156248E-7,492000.0,81.29227642276423,62.350931904529425,60.43297524320468,60.64950000641293,2566.0,9104.0,0.0,0.0,3.0,2.0,2.0,1.0,0.0,0.0,1.0
493000.0,8.729252392,9.732483461009292E-7,493000.0,81.25740365111562,62.27867780672798,60.360271469142276,60.56261683838531,3566.0,9104.0,0.0,2.0,3.0,2.0,2.0,1.0,0.0,0.0,1.0
494000.0,8.745400569,9.74774018932868E-7,494000.0,81.22226720647772,62.20596788163297,60.28768970610269,60.47719477642145,407.0,4560.0,1.0,5.0,1.0,1.0,1.0,0.0,0.0,0.0,1.0
495000.0,8.761537301,9.763171789962358E-7,495000.0,81.17959595959596,62.1188384576101,60.19849271993986,60.3811297806016,452.0,4560.0,1.0,4.0,1.0,1.0,1.0,0.0,0.0,0.0,1.0
496000.0,8.777174843,9.778259028019068E-7,496000.0,81.13911290322581,62.03396633434001,60.118854765274634,60.28275452152501,1452.0,8496.0,0.0,3.0,3.0,2.0,2.0,1.0,0.0,0.0,1.0
497000.0,8.792180582,9.792436385819559E-7,497000.0,81.09859154929578,61.94958279549528,60.03692564247639,60.18175498681767,459.0,4560.0,1.0,2.0,1.0,1.0,1.0,0.0,0.0,0.0,1.0
498000.0,8.807473859,9.807040181940292E-7,498000.0,81.06204819277109,61.87369487967791,59.96425645357797,60.09165577037818,1459.0,4560.0,0.0,4.0,1.0,1.0,1.0,0.0,0.0,0.0,1.0
499000.0,8.823574693,9.822604398333689E-7,499000.0,81.02805611222445,61.802169615477396,59.891881357583756,60.00506960140258,2459.0,9104.0,0.0,5.0,3.0,2.0,2.0,1.0,0.0,0.0,1.0
500000.0,8.83815794,9.836723035631674E-7,500000.0,80.9952,61.73351361146074,59.82479579239316,59.92357880619299,3459.0,9104.0,0.0,1.0,3.0,2.0,2.0,1.0,0.0,0.0,1.0
