learning evaluation instances,evaluation time (cpu seconds),model cost (RAM-Hours),classified instances,classifications correct (percent),Kappa Statistic (percent),Kappa Temporal Statistic (percent),Kappa M Statistic (percent),model training instances,model serialized size (bytes),Change detected,Warning detected,tree size (nodes),tree size (leaves),active learning leaves,tree depth,active leaf byte size estimate,inactive leaf byte size estimate,byte size estimate overhead
1000.0,0.044024725,3.942768451499028E-9,1000.0,79.4,48.3162643196564,51.869158878504685,39.94169096209913,617.0,4560.0,1.0,0.0,1.0,1.0,1.0,0.0,0.0,0.0,1.0
2000.0,0.159719332,1.4880967971970223E-8,2000.0,82.0,53.63931386184514,56.9377990430622,42.85714285714283,273.0,4560.0,2.0,0.0,1.0,1.0,1.0,0.0,0.0,0.0,1.0
3000.0,0.223493343,2.09882731216049E-8,3000.0,82.66666666666667,56.23426116699659,59.75232198142415,46.16977225672877,1273.0,8392.0,0.0,0.0,3.0,2.0,2.0,1.0,0.0,0.0,1.0
4000.0,0.281516939,2.6522675048441934E-8,4000.0,83.35000000000001,58.812577748216846,61.14352392065344,48.8871834228703,609.0,4560.0,1.0,0.0,1.0,1.0,1.0,0.0,0.0,0.0,1.0
5000.0,0.31649239,2.991023907870882E-8,5000.0,83.17999999999999,58.93153628284011,61.17266851338874,48.24615384615383,1609.0,12224.0,0.0,0.0,5.0,3.0,3.0,2.0,0.0,0.0,1.0
6000.0,0.346435021,3.282187323733129E-8,6000.0,83.96666666666667,61.54235158525865,62.62626262626263,50.335570469798654,2609.0,12224.0,0.0,0.0,5.0,3.0,3.0,2.0,0.0,0.0,1.0
7000.0,0.382785239,3.627458250302614E-8,7000.0,83.37142857142858,59.73239935694402,61.36740789910389,48.38137472283815,505.0,4560.0,3.0,0.0,1.0,1.0,1.0,0.0,0.0,0.0,1.0
8000.0,0.413455281,3.925009512771127E-8,8000.0,83.39999999999999,60.31767079070551,61.3953488372093,49.09927175162896,1505.0,12224.0,0.0,0.0,5.0,3.0,3.0,2.0,0.0,0.0,1.0
9000.0,0.441536757,4.192472443308888E-8,9000.0,83.45555555555556,60.61660623236256,61.70267489711936,49.37096225773547,553.0,4560.0,1.0,0.0,1.0,1.0,1.0,0.0,0.0,0.0,1.0
10000.0,0.4704751,4.4728579627670755E-8,10000.0,83.39,60.4168692293467,61.78974005060961,49.111519607843135,1553.0,12216.0,0.0,0.0,5.0,3.0,3.0,2.0,0.0,0.0,1.0
11000.0,0.495276134,4.714116662028141E-8,11000.0,83.71818181818182,61.69678144865141,62.62520868113521,50.31900138696255,2553.0,12224.0,0.0,0.0,5.0,3.0,3.0,2.0,0.0,0.0,1.0
12000.0,0.524382564,4.9901852146260843E-8,12000.0,83.76666666666667,61.67370233609408,62.55286428296809,50.20449897750511,65.0,4560.0,3.0,0.0,1.0,1.0,1.0,0.0,0.0,0.0,1.0
13000.0,0.551044314,5.2434306594392066E-8,13000.0,83.2,59.95923039587447,61.26285916991841,48.295454545454525,393.0,4560.0,2.0,0.0,1.0,1.0,1.0,0.0,0.0,0.0,1.0
14000.0,0.578744812,5.513594086287542E-8,14000.0,83.15,59.7243509505863,61.12392880685563,48.210757409440184,1393.0,12864.0,0.0,0.0,5.0,3.0,3.0,2.0,0.0,0.0,1.0
15000.0,0.606946814,5.7813644854726465E-8,15000.0,82.86,58.72710871565313,60.452238117212744,47.18570254724733,889.0,4560.0,2.0,0.0,1.0,1.0,1.0,0.0,0.0,0.0,1.0
16000.0,0.635017197,6.048930901022419E-8,16000.0,82.53125,57.66507515623026,59.58062183658712,46.177546697477375,865.0,4560.0,1.0,0.0,1.0,1.0,1.0,0.0,0.0,0.0,1.0
17000.0,0.664383213,6.327826230338877E-8,17000.0,82.48823529411766,57.717060471395996,59.485574305933596,45.980765741244795,73.0,4560.0,1.0,0.0,1.0,1.0,1.0,0.0,0.0,0.0,1.0
18000.0,0.691665554,6.590021016699572E-8,18000.0,82.21111111111111,56.8081929003838,58.811422691021356,45.06776462515011,977.0,8384.0,1.0,0.0,3.0,2.0,2.0,1.0,0.0,0.0,1.0
19000.0,0.72106137,6.868810001390675E-8,19000.0,82.16842105263157,56.664221079631794,58.763388510223955,45.08023990922354,25.0,4528.0,2.0,0.0,1.0,1.0,1.0,0.0,0.0,0.0,1.0
20000.0,0.747840936,7.123041500688841E-8,20000.0,81.795,55.54634928575155,57.95126458020555,43.932861102556195,385.0,4560.0,2.0,0.0,1.0,1.0,1.0,0.0,0.0,0.0,1.0
21000.0,0.775678288,7.393923214850741E-8,21000.0,81.80952380952381,55.46408488787474,57.93878000440431,43.88954171562867,1385.0,12152.0,0.0,0.0,5.0,3.0,3.0,2.0,0.0,0.0,1.0
22000.0,0.802635467,7.649539611152685E-8,22000.0,81.83636363636364,55.46374244466244,58.02521008403363,43.97083567021873,945.0,4560.0,2.0,0.0,1.0,1.0,1.0,0.0,0.0,0.0,1.0
23000.0,0.829624117,7.911877849724352E-8,23000.0,81.90869565217392,55.90529317831208,58.21030430852666,44.27480916030534,1945.0,12224.0,0.0,0.0,5.0,3.0,3.0,2.0,0.0,0.0,1.0
24000.0,0.855480728,8.158278412459212E-8,24000.0,82.03333333333333,56.21179305675119,58.442559753276804,44.5259230670269,673.0,4560.0,1.0,0.0,1.0,1.0,1.0,0.0,0.0,0.0,1.0
25000.0,0.884207318,8.437010576284595E-8,25000.0,82.216,56.84085395140678,58.890429958391124,45.3001968503937,1673.0,12224.0,0.0,0.0,5.0,3.0,3.0,2.0,0.0,0.0,1.0
26000.0,0.910190128,8.690120227569094E-8,26000.0,82.39999999999999,57.55053333279291,59.29549902152641,45.85896829152861,2673.0,12224.0,0.0,0.0,5.0,3.0,3.0,2.0,0.0,0.0,1.0
27000.0,0.936495706,8.944936826405427E-8,27000.0,82.72592592592592,58.573704842713106,60.15718434990603,46.96383898112349,3673.0,12224.0,0.0,0.0,5.0,3.0,3.0,2.0,0.0,0.0,1.0
28000.0,0.958938399,9.157773324042352E-8,28000.0,82.825,58.851198511558266,60.347955145118746,47.2523856531754,353.0,4560.0,2.0,0.0,1.0,1.0,1.0,0.0,0.0,0.0,1.0
29000.0,0.975704803,9.317340564241633E-8,29000.0,82.89999999999999,58.93497324415521,60.55520203627107,47.418089280033925,777.0,4560.0,1.0,0.0,1.0,1.0,1.0,0.0,0.0,0.0,1.0
30000.0,0.993169028,9.487195959708136E-8,30000.0,83.06333333333333,59.38896448941002,60.96043027276219,47.95657072621121,1777.0,12920.0,0.0,0.0,5.0,3.0,3.0,2.0,0.0,0.0,1.0
31000.0,1.012595001,9.671873515400622E-8,31000.0,83.06774193548388,59.396211162120025,61.07238208246811,48.065697041654296,57.0,4544.0,2.0,0.0,1.0,1.0,1.0,0.0,0.0,0.0,1.0
32000.0,1.029644392,9.833710539852373E-8,32000.0,83.05624999999999,59.27105460113913,61.0292532164163,47.96045685766388,577.0,4560.0,2.0,0.0,1.0,1.0,1.0,0.0,0.0,0.0,1.0
33000.0,1.047132839,1.000417793576854E-7,33000.0,83.13636363636364,59.470160265506934,61.203290574456226,48.2084690553746,1577.0,12840.0,0.0,0.0,5.0,3.0,3.0,2.0,0.0,0.0,1.0
34000.0,1.065677867,1.0182280645806963E-7,34000.0,83.07941176470588,59.274587379168764,61.107355327203884,48.040101156069355,849.0,8368.0,2.0,0.0,3.0,2.0,2.0,1.0,0.0,0.0,1.0
35000.0,1.083912387,1.0355118134466516E-7,35000.0,82.99142857142857,59.173448231469926,60.98695851628547,47.91776027996501,153.0,4560.0,2.0,0.0,1.0,1.0,1.0,0.0,0.0,0.0,1.0
36000.0,1.100515413,1.0513006790674187E-7,36000.0,82.99722222222222,59.18193420815987,61.08214649033571,48.03022584479539,737.0,4560.0,1.0,0.0,1.0,1.0,1.0,0.0,0.0,0.0,1.0
37000.0,1.122942618,1.072569640702216E-7,37000.0,82.97567567567567,59.113505188711144,61.04273609994434,47.98084069700222,265.0,4560.0,2.0,0.0,1.0,1.0,1.0,0.0,0.0,0.0,1.0
38000.0,1.140726462,1.0898873858722133E-7,38000.0,82.92631578947368,58.95564504717177,60.89681774349083,47.85404275839896,1265.0,12856.0,0.0,0.0,5.0,3.0,3.0,2.0,0.0,0.0,1.0
39000.0,1.158962403,1.1071702171729463E-7,39000.0,82.83846153846154,58.70871951583151,60.71722033102477,47.60861056751467,217.0,4560.0,3.0,0.0,1.0,1.0,1.0,0.0,0.0,0.0,1.0
40000.0,1.176519759,1.1242267131722428E-7,40000.0,82.82000000000001,58.65596896280971,60.675250357653795,47.553995268259186,1217.0,12200.0,0.0,0.0,5.0,3.0,3.0,2.0,0.0,0.0,1.0
41000.0,1.193090894,1.1399502699976165E-7,41000.0,82.82926829268293,58.71401668516716,60.729625704244995,47.59565282119992,361.0,4560.0,2.0,0.0,1.0,1.0,1.0,0.0,0.0,0.0,1.0
42000.0,1.216226722,1.1619027497921552E-7,42000.0,82.71904761904761,58.35171215893259,60.48562717770034,47.19918521751781,337.0,4560.0,2.0,0.0,1.0,1.0,1.0,0.0,0.0,0.0,1.0
43000.0,1.237719669,1.1823310743445115E-7,43000.0,82.60697674418604,58.027981877900515,60.18207954000957,46.908497195996304,409.0,4560.0,1.0,0.0,1.0,1.0,1.0,0.0,0.0,0.0,1.0
44000.0,1.25456808,1.1983156329204223E-7,44000.0,82.65681818181818,58.046893128812194,60.20961518406507,46.89261604843761,193.0,4560.0,1.0,0.0,1.0,1.0,1.0,0.0,0.0,0.0,1.0
45000.0,1.27096026,1.213863281349051E-7,45000.0,82.64,57.95247122168165,60.21998166819432,46.86798612528056,329.0,4560.0,1.0,0.0,1.0,1.0,1.0,0.0,0.0,0.0,1.0
46000.0,1.287705009,1.229741175680504E-7,46000.0,82.59782608695653,57.75422560080117,60.05688338905245,46.690197123068735,273.0,4560.0,2.0,0.0,1.0,1.0,1.0,0.0,0.0,0.0,1.0
47000.0,1.304378286,1.245576143146637E-7,47000.0,82.53404255319148,57.53795687760911,59.86996480250294,46.465371070823,569.0,4560.0,3.0,0.0,1.0,1.0,1.0,0.0,0.0,0.0,1.0
48000.0,1.321146541,1.2614638332783967E-7,48000.0,82.51458333333333,57.43939087568592,59.76317177237643,46.367180011502334,97.0,4560.0,2.0,0.0,1.0,1.0,1.0,0.0,0.0,0.0,1.0
49000.0,1.337879248,1.2773469314600442E-7,49000.0,82.36938775510204,57.00628499168856,59.4184517098835,45.91159529176059,777.0,4560.0,1.0,0.0,1.0,1.0,1.0,0.0,0.0,0.0,1.0
50000.0,1.3540813,1.2927243069159898E-7,50000.0,82.368,56.99893994192563,59.42189082205651,45.87426326129666,401.0,4560.0,1.0,0.0,1.0,1.0,1.0,0.0,0.0,0.0,1.0
51000.0,1.369254961,1.307121867552751E-7,51000.0,82.36274509803921,56.92522527465395,59.38868571944557,45.81651707728449,377.0,4560.0,1.0,0.0,1.0,1.0,1.0,0.0,0.0,0.0,1.0
52000.0,1.385723823,1.3227231602259597E-7,52000.0,82.33269230769231,56.795098609034866,59.313551815766175,45.645485741332394,33.0,4544.0,2.0,0.0,1.0,1.0,1.0,0.0,0.0,0.0,1.0
53000.0,1.404764946,1.340825837294136E-7,53000.0,82.27169811320755,56.559136569528256,59.16558018252933,45.41969212895731,425.0,4560.0,1.0,0.0,1.0,1.0,1.0,0.0,0.0,0.0,1.0
54000.0,1.422216312,1.3577519176183884E-7,54000.0,82.27962962962962,56.523642261700694,59.14175918018786,45.35746916400181,1425.0,12216.0,0.0,0.0,5.0,3.0,3.0,2.0,0.0,0.0,1.0
55000.0,1.437842308,1.37260196183419E-7,55000.0,82.23272727272727,56.34902731694373,59.02897153159196,45.15966103597282,697.0,4560.0,2.0,0.0,1.0,1.0,1.0,0.0,0.0,0.0,1.0
56000.0,1.453771067,1.3880337934777754E-7,56000.0,82.19821428571429,56.26127443638749,58.95165939224245,45.044101433296596,1697.0,12224.0,0.0,0.0,5.0,3.0,3.0,2.0,0.0,0.0,1.0
57000.0,1.470851819,1.4042366594310222E-7,57000.0,82.11929824561403,56.03183376247751,58.76355397313482,44.8216122570516,297.0,4560.0,4.0,0.0,1.0,1.0,1.0,0.0,0.0,0.0,1.0
58000.0,1.485948261,1.4185965684530836E-7,58000.0,82.15172413793104,56.119279132578505,58.873306582972475,44.97129491813736,593.0,4560.0,1.0,0.0,1.0,1.0,1.0,0.0,0.0,0.0,1.0
59000.0,1.501748564,1.4335926437371714E-7,59000.0,82.2135593220339,56.32628577120033,59.038213825676266,45.20104438642299,153.0,4560.0,1.0,0.0,1.0,1.0,1.0,0.0,0.0,0.0,1.0
60000.0,1.516315644,1.4474508264315203E-7,60000.0,82.12,56.0283160102127,58.8476734819134,44.90267577422835,769.0,4560.0,1.0,0.0,1.0,1.0,1.0,0.0,0.0,0.0,1.0
61000.0,1.533444027,1.4636967483915587E-7,61000.0,82.11311475409836,55.99596039067188,58.857466063348404,44.87445056333047,265.0,4560.0,3.0,0.0,1.0,1.0,1.0,0.0,0.0,0.0,1.0
62000.0,1.549277431,1.4791184497600827E-7,62000.0,82.16612903225806,56.12713134128943,58.99955502818154,45.044731610337955,1265.0,12888.0,0.0,0.0,5.0,3.0,3.0,2.0,0.0,0.0,1.0
63000.0,1.565376456,1.4944040395942405E-7,63000.0,82.15873015873015,56.113020215528365,59.0259550889472,45.04204967729316,505.0,4560.0,3.0,0.0,1.0,1.0,1.0,0.0,0.0,0.0,1.0
64000.0,1.58167172,1.5098435772829991E-7,64000.0,82.14375000000001,56.15066536223722,59.00121977470045,45.089371516432834,129.0,4560.0,2.0,0.0,1.0,1.0,1.0,0.0,0.0,0.0,1.0
65000.0,1.59704688,1.5246213445595976E-7,65000.0,82.07846153846154,55.95728452280677,58.901354784081285,44.89853838512841,937.0,8376.0,1.0,0.0,3.0,2.0,2.0,1.0,0.0,0.0,1.0
66000.0,1.61404437,1.5407684454124E-7,66000.0,82.14545454545454,56.14616847248617,59.064855664015006,45.106442446545856,721.0,4560.0,1.0,0.0,1.0,1.0,1.0,0.0,0.0,0.0,1.0
67000.0,1.63796098,1.5640577272274836E-7,67000.0,82.19701492537314,56.292177476392816,59.16187345932621,45.226615236258446,1721.0,12224.0,0.0,0.0,5.0,3.0,3.0,2.0,0.0,0.0,1.0
68000.0,1.653546556,1.5788209746136012E-7,68000.0,82.28088235294118,56.551193586436646,59.33238828135548,45.45495699411498,65.0,4560.0,2.0,0.0,1.0,1.0,1.0,0.0,0.0,0.0,1.0
69000.0,1.668233894,1.5929339971662387E-7,69000.0,82.3231884057971,56.69722029056625,59.451462765957444,45.69215014025557,1065.0,8328.0,0.0,0.0,3.0,2.0,2.0,1.0,0.0,0.0,1.0
70000.0,1.684425912,1.6082995035713738E-7,70000.0,82.28714285714285,56.59714504078258,59.36352910330363,45.59217166176665,81.0,4552.0,3.0,0.0,1.0,1.0,1.0,0.0,0.0,0.0,1.0
71000.0,1.69874804,1.6219068699978284E-7,71000.0,82.17605633802818,56.251696947549526,59.09032132928169,45.237786143926606,697.0,4560.0,1.0,0.0,1.0,1.0,1.0,0.0,0.0,0.0,1.0
72000.0,1.714543628,1.6369122003416212E-7,72000.0,82.11944444444444,56.09089388469829,58.96863844977053,45.07913484919585,545.0,4560.0,1.0,0.0,1.0,1.0,1.0,0.0,0.0,0.0,1.0
73000.0,1.738908429,1.6599869235787118E-7,73000.0,82.09726027397261,56.00501162616093,58.89476001761339,44.97494842322429,9.0,4440.0,3.0,0.0,1.0,1.0,1.0,0.0,0.0,0.0,1.0
74000.0,1.756771052,1.677156244327396E-7,74000.0,82.06891891891892,55.901323554200424,58.83283693224125,44.889313452672674,1009.0,8392.0,0.0,0.0,3.0,2.0,2.0,1.0,0.0,0.0,1.0
75000.0,1.772638869,1.692234130849233E-7,75000.0,82.05866666666667,55.833343305696424,58.80984449614303,44.83437192522139,729.0,4560.0,2.0,0.0,1.0,1.0,1.0,0.0,0.0,0.0,1.0
76000.0,1.788936595,1.7076840964170786E-7,76000.0,82.05657894736842,55.82878368964314,58.79562484892434,44.840836468066165,193.0,4560.0,2.0,0.0,1.0,1.0,1.0,0.0,0.0,0.0,1.0
77000.0,1.80401738,1.7219950920268886E-7,77000.0,82.05064935064935,55.8075097965113,58.77773801002147,44.852765142446735,137.0,4552.0,2.0,0.0,1.0,1.0,1.0,0.0,0.0,0.0,1.0
78000.0,1.818970435,1.7361703324797038E-7,78000.0,82.03333333333333,55.76322325343459,58.749595266829544,44.82459939367692,177.0,4560.0,2.0,0.0,1.0,1.0,1.0,0.0,0.0,0.0,1.0
79000.0,1.835808652,1.7521410379063744E-7,79000.0,81.9746835443038,55.631191371224645,58.647926588453934,44.692585543946855,345.0,4560.0,3.0,0.0,1.0,1.0,1.0,0.0,0.0,0.0,1.0
80000.0,1.855233096,1.7710234196295334E-7,80000.0,81.9525,55.52223043045045,58.616143086448055,44.565175657515816,1345.0,12152.0,0.0,0.0,5.0,3.0,3.0,2.0,0.0,0.0,1.0
81000.0,1.879401897,1.7939620404472567E-7,81000.0,81.90617283950617,55.40911890009161,58.512144029893,44.421691315889284,265.0,4560.0,3.0,0.0,1.0,1.0,1.0,0.0,0.0,0.0,1.0
82000.0,1.897618166,1.811684288922676E-7,82000.0,81.93658536585366,55.504358834821666,58.60488513777876,44.52642223137709,1265.0,12216.0,0.0,0.0,5.0,3.0,3.0,2.0,0.0,0.0,1.0
83000.0,1.912921534,1.8261830686861228E-7,83000.0,81.93373493975903,55.562680052935946,58.60479240282687,44.536913744636784,25.0,4536.0,3.0,0.0,1.0,1.0,1.0,0.0,0.0,0.0,1.0
84000.0,1.927766772,1.8404521182435454E-7,84000.0,81.90595238095239,55.470609441489216,58.56550896897662,44.46433791289097,1025.0,8344.0,0.0,0.0,3.0,2.0,2.0,1.0,0.0,0.0,1.0
85000.0,1.944344591,1.8561631469446123E-7,85000.0,81.86470588235294,55.365847853243466,58.470283959265046,44.34415279633172,73.0,4552.0,4.0,0.0,1.0,1.0,1.0,0.0,0.0,0.0,1.0
86000.0,1.958934885,1.8700361668675923E-7,86000.0,81.85465116279069,55.32318657472457,58.47746261508168,44.31558664002282,497.0,4560.0,1.0,0.0,1.0,1.0,1.0,0.0,0.0,0.0,1.0
87000.0,1.974570779,1.8848820263140102E-7,87000.0,81.82528735632184,55.23147215518398,58.40917460150455,44.23755113556214,537.0,4560.0,2.0,0.0,1.0,1.0,1.0,0.0,0.0,0.0,1.0
88000.0,1.991249565,1.9006994435779536E-7,88000.0,81.8,55.16649928529079,58.345903771131326,44.16594038696181,161.0,4560.0,3.0,0.0,1.0,1.0,1.0,0.0,0.0,0.0,1.0
89000.0,2.005926095,1.9148227355019285E-7,89000.0,81.81573033707865,55.19313354151657,58.40657928553071,44.22003170883021,1161.0,8392.0,0.0,0.0,3.0,2.0,2.0,1.0,0.0,0.0,1.0
90000.0,2.021562232,1.9296630007553423E-7,90000.0,81.83555555555554,55.23267823701502,58.43165174938974,44.23142525755609,529.0,4560.0,2.0,0.0,1.0,1.0,1.0,0.0,0.0,0.0,1.0
91000.0,2.03680806,1.9443284512341842E-7,91000.0,81.84285714285714,55.26992870351616,58.44942916058944,44.301365245238486,985.0,8392.0,1.0,0.0,3.0,2.0,2.0,1.0,0.0,0.0,1.0
92000.0,2.051719041,1.9584746072024926E-7,92000.0,81.87826086956522,55.43050188437751,58.54283227651374,44.400720336156894,97.0,4552.0,1.0,0.0,1.0,1.0,1.0,0.0,0.0,0.0,1.0
93000.0,2.066053436,1.9720936284308002E-7,93000.0,81.84086021505377,55.32380055385626,58.492884705188395,44.31915595120345,873.0,4560.0,1.0,0.0,1.0,1.0,1.0,0.0,0.0,0.0,1.0
94000.0,2.0818112,1.9870923782424993E-7,94000.0,81.85851063829787,55.37888277321883,58.54482691559705,44.38936898744498,465.0,4560.0,1.0,0.0,1.0,1.0,1.0,0.0,0.0,0.0,1.0
95000.0,2.096867775,2.001696685550568E-7,95000.0,81.90631578947368,55.54528092993319,58.67134716645428,44.58021666236781,1465.0,12912.0,0.0,0.0,5.0,3.0,3.0,2.0,0.0,0.0,1.0
96000.0,2.113595569,2.0175564254248301E-7,96000.0,81.87083333333334,55.486114508031605,58.60330146044432,44.53792224346719,97.0,4560.0,5.0,0.0,1.0,1.0,1.0,0.0,0.0,0.0,1.0
97000.0,2.128864493,2.032018780034035E-7,97000.0,81.87010309278351,55.48388533752716,58.6085155459317,44.56737588652482,9.0,4488.0,1.0,0.0,1.0,1.0,1.0,0.0,0.0,0.0,1.0
98000.0,2.143276677,2.045717077073537E-7,98000.0,81.86020408163265,55.435904637598895,58.55694136845785,44.526617986644176,465.0,4560.0,1.0,0.0,1.0,1.0,1.0,0.0,0.0,0.0,1.0
99000.0,2.158907145,2.0605868986947664E-7,99000.0,81.89999999999999,55.54374901162093,58.65673019242305,44.656865773055756,185.0,4560.0,1.0,0.0,1.0,1.0,1.0,0.0,0.0,0.0,1.0
100000.0,2.17414443,2.0750240158861084E-7,100000.0,81.891,55.488128256360255,58.61083811395791,44.59877015327195,97.0,4560.0,1.0,0.0,1.0,1.0,1.0,0.0,0.0,0.0,1.0
101000.0,2.188586918,2.0887582895216216E-7,101000.0,81.8980198019802,55.47654129951154,58.61608456506484,44.586894586894566,617.0,4560.0,1.0,0.0,1.0,1.0,1.0,0.0,0.0,0.0,1.0
102000.0,2.203733602,2.1035490577635867E-7,102000.0,81.93529411764706,55.595517024942765,58.72496751937638,44.71813026911884,1617.0,12896.0,0.0,0.0,5.0,3.0,3.0,2.0,0.0,0.0,1.0
103000.0,2.219732623,2.1187516166977165E-7,103000.0,81.88446601941747,55.468189663692556,58.61097555565414,44.56954429326838,633.0,4560.0,3.0,0.0,1.0,1.0,1.0,0.0,0.0,0.0,1.0
104000.0,2.236054609,2.134216473112586E-7,104000.0,81.87403846153846,55.44102815275963,58.58743409490334,44.53630693185829,97.0,4560.0,2.0,0.0,1.0,1.0,1.0,0.0,0.0,0.0,1.0
105000.0,2.25140292,2.1490999414935082E-7,105000.0,81.89238095238095,55.49123190076867,58.65121134356921,44.61533980016893,1097.0,12192.0,0.0,0.0,5.0,3.0,3.0,2.0,0.0,0.0,1.0
106000.0,2.267394487,2.1642676166617203E-7,106000.0,81.85094339622641,55.363588252082764,58.542367037324375,44.46785786450366,273.0,4560.0,4.0,0.0,1.0,1.0,1.0,0.0,0.0,0.0,1.0
107000.0,2.281934026,2.1781032095541757E-7,107000.0,81.85794392523364,55.3610725909916,58.58861677617544,44.47686059149933,857.0,4560.0,1.0,0.0,1.0,1.0,1.0,0.0,0.0,0.0,1.0
108000.0,2.298733968,2.1940442180825804E-7,108000.0,81.89537037037037,55.4461935092099,58.66522915609672,44.55723480874471,33.0,4520.0,1.0,0.0,1.0,1.0,1.0,0.0,0.0,0.0,1.0
109000.0,2.312923819,2.2075664359460267E-7,109000.0,81.92935779816514,55.49411658860075,58.72726510770262,44.605995837786146,1033.0,4560.0,0.0,0.0,1.0,1.0,1.0,0.0,0.0,0.0,1.0
110000.0,2.328501319,2.2226715072683982E-7,110000.0,81.93545454545455,55.581186874084466,58.74732711910149,44.670601993651495,2033.0,12224.0,0.0,0.0,5.0,3.0,3.0,2.0,0.0,0.0,1.0
111000.0,2.349915068,2.2435182594949786E-7,111000.0,81.99279279279278,55.80339768148255,58.88258043281493,44.862210697635916,3033.0,12224.0,0.0,0.0,5.0,3.0,3.0,2.0,0.0,0.0,1.0
112000.0,2.37437133,2.266702377685345E-7,112000.0,81.99910714285714,55.84314938922489,58.91044715281457,44.91229028908684,193.0,4560.0,3.0,0.0,1.0,1.0,1.0,0.0,0.0,0.0,1.0
113000.0,2.397864619,2.289301325175414E-7,113000.0,82.01769911504425,55.87354997059878,58.937881421007965,44.96208017334778,1193.0,8392.0,0.0,0.0,3.0,2.0,2.0,1.0,0.0,0.0,1.0
114000.0,2.414044069,2.304655239957198E-7,114000.0,82.04385964912281,55.94777490711802,59.011633727798795,45.03222341568207,241.0,4560.0,2.0,0.0,1.0,1.0,1.0,0.0,0.0,0.0,1.0
115000.0,2.429168813,2.3193338071993236E-7,115000.0,82.07391304347826,56.016568007676156,59.06392104688338,45.09694258016406,1241.0,12208.0,0.0,0.0,5.0,3.0,3.0,2.0,0.0,0.0,1.0
116000.0,2.444371081,2.3337065981927426E-7,116000.0,82.09396551724137,56.07829554833178,59.10415436109469,45.122853368560094,1.0,3768.0,3.0,0.0,1.0,1.0,1.0,0.0,0.0,0.0,1.0
117000.0,2.458541821,2.3471349383905938E-7,117000.0,82.1076923076923,56.10152563998548,59.15476469210957,45.16737388024515,1001.0,3976.0,0.0,0.0,3.0,2.0,2.0,1.0,0.0,0.0,1.0
118000.0,2.474820419,2.3625728351918354E-7,118000.0,82.09745762711864,56.11524423226831,59.146376839621716,45.20530179233781,273.0,4560.0,3.0,0.0,1.0,1.0,1.0,0.0,0.0,0.0,1.0
119000.0,2.489489967,2.3765212129054792E-7,119000.0,82.11848739495798,56.17684301661336,59.20593535523945,45.27287690962399,697.0,4560.0,1.0,0.0,1.0,1.0,1.0,0.0,0.0,0.0,1.0
120000.0,2.504945309,2.39118732661907E-7,120000.0,82.14583333333333,56.2328093548875,59.25101753585149,45.313696462300264,65.0,4544.0,1.0,0.0,1.0,1.0,1.0,0.0,0.0,0.0,1.0
121000.0,2.519870406,2.4055291200293433E-7,121000.0,82.10413223140496,56.11172392538171,59.172668652664115,45.19916991446069,905.0,8384.0,1.0,0.0,3.0,2.0,2.0,1.0,0.0,0.0,1.0
122000.0,2.535298259,2.420171702836764E-7,122000.0,82.09918032786885,56.124546736648526,59.17638701959024,45.207988358673276,497.0,4560.0,2.0,0.0,1.0,1.0,1.0,0.0,0.0,0.0,1.0
123000.0,2.550263484,2.434574665606146E-7,123000.0,82.10406504065041,56.11851102199728,59.18412757277953,45.209707529558194,921.0,8392.0,1.0,0.0,3.0,2.0,2.0,1.0,0.0,0.0,1.0
124000.0,2.564392814,2.4483684765066536E-7,124000.0,82.125,56.228189954212546,59.23828089081782,45.27430744160783,1921.0,12224.0,0.0,0.0,5.0,3.0,3.0,2.0,0.0,0.0,1.0
125000.0,2.579642124,2.462820774426601E-7,125000.0,82.1264,56.23387725736425,59.22992700729927,45.2656850976261,41.0,4560.0,3.0,0.0,1.0,1.0,1.0,0.0,0.0,0.0,1.0
126000.0,2.594337769,2.476784841927203E-7,126000.0,82.10396825396825,56.17410041183864,59.18363652819259,45.21489832114482,753.0,4560.0,2.0,0.0,1.0,1.0,1.0,0.0,0.0,0.0,1.0
127000.0,2.609785182,2.4914271268081126E-7,127000.0,82.1488188976378,56.299782725842505,59.27682276229994,45.343426794281456,25.0,4520.0,1.0,0.0,1.0,1.0,1.0,0.0,0.0,0.0,1.0
128000.0,2.624616775,2.505525899754506E-7,128000.0,82.13359375,56.2501714993361,59.25200007127203,45.29732574271635,769.0,4560.0,2.0,0.0,1.0,1.0,1.0,0.0,0.0,0.0,1.0
129000.0,2.641091096,2.521147365804575E-7,129000.0,82.12790697674419,56.25707213699263,59.226443123938864,45.28172022594578,137.0,4560.0,3.0,0.0,1.0,1.0,1.0,0.0,0.0,0.0,1.0
130000.0,2.656215453,2.5358477814967225E-7,130000.0,82.14538461538461,56.28640680704887,59.25607358517063,45.31511367652257,1137.0,12200.0,0.0,0.0,5.0,3.0,3.0,2.0,0.0,0.0,1.0
131000.0,2.66957098,2.54888118902242E-7,131000.0,82.18625954198473,56.434193464991,59.332903473154055,45.41669590438097,2137.0,12224.0,0.0,0.0,5.0,3.0,3.0,2.0,0.0,0.0,1.0
132000.0,2.683203191,2.562110124141164E-7,132000.0,82.24166666666667,56.60341427281775,59.450950544032935,45.57085471474681,3137.0,12224.0,0.0,0.0,5.0,3.0,3.0,2.0,0.0,0.0,1.0
133000.0,2.698547467,2.5766810055614547E-7,133000.0,82.22255639097745,56.5351569296107,59.40804834500754,45.49813286616568,585.0,4560.0,3.0,0.0,1.0,1.0,1.0,0.0,0.0,0.0,1.0
134000.0,2.713578714,2.5912433247664317E-7,134000.0,82.24328358208956,56.5848347891468,59.4402018273558,45.53403836469351,1585.0,12224.0,0.0,0.0,5.0,3.0,3.0,2.0,0.0,0.0,1.0
135000.0,2.727652304,2.604621255915487E-7,135000.0,82.28222222222222,56.72108247258585,59.534765691084424,45.66333484779646,121.0,4552.0,1.0,0.0,1.0,1.0,1.0,0.0,0.0,0.0,1.0
136000.0,2.742089868,2.6185450674314046E-7,136000.0,82.30147058823529,56.774675188658264,59.573396036278126,45.744297177891966,1121.0,8392.0,0.0,0.0,3.0,2.0,2.0,1.0,0.0,0.0,1.0
137000.0,2.757412073,2.6330683531166154E-7,137000.0,82.33649635036497,56.899914797254155,59.65084870110381,45.86474575512851,201.0,4560.0,2.0,0.0,1.0,1.0,1.0,0.0,0.0,0.0,1.0
138000.0,2.771705801,2.6466664863051017E-7,138000.0,82.34782608695652,56.9102653039713,59.67955508474577,45.88590723298382,753.0,4560.0,1.0,0.0,1.0,1.0,1.0,0.0,0.0,0.0,1.0
139000.0,2.786534522,2.661036280439214E-7,139000.0,82.35827338129496,56.94907499283557,59.70355276563579,45.91053467443093,1753.0,12224.0,0.0,0.0,5.0,3.0,3.0,2.0,0.0,0.0,1.0
140000.0,2.801344709,2.675090797069896E-7,140000.0,82.36785714285715,56.991810278440504,59.73477310540568,45.93973106740836,449.0,4560.0,2.0,0.0,1.0,1.0,1.0,0.0,0.0,0.0,1.0
141000.0,2.816789086,2.689784862237299E-7,141000.0,82.38510638297872,57.05530696459804,59.78334790634411,46.01708361407552,137.0,4544.0,1.0,0.0,1.0,1.0,1.0,0.0,0.0,0.0,1.0
142000.0,2.831615205,2.7038434516391194E-7,142000.0,82.37464788732395,57.035424388917754,59.74911547121261,46.00565227709104,273.0,4560.0,1.0,0.0,1.0,1.0,1.0,0.0,0.0,0.0,1.0
143000.0,2.847071566,2.718539961804697E-7,143000.0,82.37412587412587,57.02231305222782,59.74413850380118,46.00471293916023,729.0,4560.0,1.0,0.0,1.0,1.0,1.0,0.0,0.0,0.0,1.0
144000.0,2.862478364,2.7331644744611853E-7,144000.0,82.34791666666666,56.93748924030169,59.6894922135177,45.90781409601634,289.0,4560.0,2.0,0.0,1.0,1.0,1.0,0.0,0.0,0.0,1.0
145000.0,2.877659114,2.7479112195316277E-7,145000.0,82.35103448275862,56.94076128629608,59.70238563892607,45.935268517344824,1289.0,11552.0,0.0,0.0,5.0,3.0,3.0,2.0,0.0,0.0,1.0
146000.0,2.897754631,2.7669689121912534E-7,146000.0,82.3513698630137,56.96225814694829,59.70065218411299,45.96300645918967,497.0,4560.0,2.0,0.0,1.0,1.0,1.0,0.0,0.0,0.0,1.0
147000.0,2.922510017,2.790419687635595E-7,147000.0,82.34353741496598,56.928391076809056,59.68531088364579,45.93834617787959,25.0,4536.0,2.0,0.0,1.0,1.0,1.0,0.0,0.0,0.0,1.0
148000.0,2.940650253,2.807855846386795E-7,148000.0,82.33986486486486,56.917534166969595,59.67383589965131,45.94767862682245,1025.0,8392.0,0.0,0.0,3.0,2.0,2.0,1.0,0.0,0.0,1.0
149000.0,2.956600044,2.822975645426308E-7,149000.0,82.31677852348993,56.85077302465977,59.63229661406465,45.87065494288766,169.0,4552.0,3.0,0.0,1.0,1.0,1.0,0.0,0.0,0.0,1.0
150000.0,2.971696633,2.837645947067045E-7,150000.0,82.32000000000001,56.856966582944644,59.62978749314986,45.879760009795525,1169.0,12216.0,0.0,0.0,5.0,3.0,3.0,2.0,0.0,0.0,1.0
151000.0,2.986250371,2.8514351117070546E-7,151000.0,82.34304635761589,56.94075482387628,59.68975839859695,45.942986902396484,25.0,4552.0,2.0,0.0,1.0,1.0,1.0,0.0,0.0,0.0,1.0
152000.0,3.001460037,2.865874075707647E-7,152000.0,82.31842105263158,56.87252875258266,59.64685745172817,45.87017381321623,33.0,4552.0,3.0,0.0,1.0,1.0,1.0,0.0,0.0,0.0,1.0
153000.0,3.016161795,2.8797961817486615E-7,153000.0,82.31699346405229,56.86169272768738,59.640486313120014,45.877010482515814,9.0,4456.0,2.0,0.0,1.0,1.0,1.0,0.0,0.0,0.0,1.0
154000.0,3.030080836,2.8930084787665547E-7,154000.0,82.27142857142857,56.71734206948772,59.535807446051706,45.72490706319703,401.0,4560.0,1.0,0.0,1.0,1.0,1.0,0.0,0.0,0.0,1.0
155000.0,3.045071606,2.9076131794333033E-7,155000.0,82.28516129032258,56.7549573729687,59.581358377248506,45.77804107424962,1401.0,12696.0,0.0,0.0,5.0,3.0,3.0,2.0,0.0,0.0,1.0
156000.0,3.059855107,2.9216368643988535E-7,156000.0,82.28717948717949,56.76262124658763,59.58343084483969,45.78771826564646,417.0,4560.0,2.0,0.0,1.0,1.0,1.0,0.0,0.0,0.0,1.0
157000.0,3.075100668,2.936098861228094E-7,157000.0,82.25923566878981,56.67950157444574,59.520695267992096,45.70882794378497,137.0,4560.0,3.0,0.0,1.0,1.0,1.0,0.0,0.0,0.0,1.0
158000.0,3.089488944,2.9499459561322286E-7,158000.0,82.23354430379747,56.600159419477,59.47947341070501,45.63465933299763,1137.0,8376.0,0.0,0.0,3.0,2.0,2.0,1.0,0.0,0.0,1.0
159000.0,3.1044835,2.9642015021443356E-7,159000.0,82.2433962264151,56.60592201221012,59.50225919816396,45.64828183655791,857.0,4560.0,1.0,0.0,1.0,1.0,1.0,0.0,0.0,0.0,1.0
160000.0,3.120918878,2.979739100866474E-7,160000.0,82.223125,56.56667095776239,59.46442822939231,45.613598990401144,1.0,3840.0,4.0,0.0,1.0,1.0,1.0,0.0,0.0,0.0,1.0
161000.0,3.135242174,2.9934812695274326E-7,161000.0,82.19875776397515,56.50347990033521,59.416595865193976,45.56298434888312,1001.0,8384.0,0.0,0.0,3.0,2.0,2.0,1.0,0.0,0.0,1.0
162000.0,3.151025631,3.008652776287557E-7,162000.0,82.23641975308642,56.613470200301684,59.50722557586503,45.68430191955608,817.0,8360.0,1.0,0.0,3.0,2.0,2.0,1.0,0.0,0.0,1.0
163000.0,3.165343537,3.0226146837016974E-7,163000.0,82.25828220858897,56.70215875156893,59.562329581206754,45.74805365350344,1817.0,12224.0,0.0,0.0,5.0,3.0,3.0,2.0,0.0,0.0,1.0
164000.0,3.178677067,3.035570330663004E-7,164000.0,82.28719512195121,56.82724047869093,59.634544570277214,45.84754767630445,2817.0,12224.0,0.0,0.0,5.0,3.0,3.0,2.0,0.0,0.0,1.0
165000.0,3.193308617,3.0494407898733384E-7,165000.0,82.30787878787879,56.89413372626715,59.6840128162634,45.901669724430604,233.0,4560.0,2.0,0.0,1.0,1.0,1.0,0.0,0.0,0.0,1.0
166000.0,3.20879144,3.064120163931821E-7,166000.0,82.29819277108433,56.87312138993714,59.68693409427645,45.88995691083858,81.0,4560.0,1.0,0.0,1.0,1.0,1.0,0.0,0.0,0.0,1.0
167000.0,3.22326364,3.07804143684792E-7,167000.0,82.32335329341318,56.929269550214336,59.73978151466797,45.96573436813588,1081.0,8392.0,0.0,0.0,3.0,2.0,2.0,1.0,0.0,0.0,1.0
168000.0,3.238658341,3.092633438499209E-7,168000.0,82.3297619047619,56.9563041471646,59.76416373000812,45.99501537230075,353.0,4560.0,2.0,0.0,1.0,1.0,1.0,0.0,0.0,0.0,1.0
169000.0,3.253676512,3.1072278472717843E-7,169000.0,82.33668639053255,56.9633371049794,59.780382646187,46.00329215129424,1353.0,12224.0,0.0,0.0,5.0,3.0,3.0,2.0,0.0,0.0,1.0
170000.0,3.268503736,3.1213095787546277E-7,170000.0,82.31176470588235,56.896825849033725,59.71221093812803,45.91921153915326,465.0,4560.0,2.0,0.0,1.0,1.0,1.0,0.0,0.0,0.0,1.0
171000.0,3.282803573,3.134899318040927E-7,171000.0,82.31754385964912,56.908900564730615,59.730712373646575,45.95517266032744,729.0,4560.0,1.0,0.0,1.0,1.0,1.0,0.0,0.0,0.0,1.0
172000.0,3.297493635,3.1492095349503674E-7,172000.0,82.33779069767442,56.998365148023666,59.77516782966779,46.029349061967025,1729.0,12224.0,0.0,0.0,5.0,3.0,3.0,2.0,0.0,0.0,1.0
173000.0,3.311959905,3.162941275231974E-7,173000.0,82.35375722543353,57.04496274172206,59.813600821420096,46.07979935355104,617.0,4560.0,1.0,0.0,1.0,1.0,1.0,0.0,0.0,0.0,1.0
174000.0,3.326926028,3.177528158447456E-7,174000.0,82.38563218390804,57.14257186968086,59.89505639737248,46.19395386397947,1617.0,12856.0,0.0,0.0,5.0,3.0,3.0,2.0,0.0,0.0,1.0
175000.0,3.341882663,3.191747652404382E-7,175000.0,82.376,57.09180173320318,59.85734924704873,46.14538406467723,953.0,4560.0,2.0,0.0,1.0,1.0,1.0,0.0,0.0,0.0,1.0
176000.0,3.357751173,3.206790728543532E-7,176000.0,82.36420454545454,57.07517727817167,59.84189825596439,46.11471823895003,225.0,4560.0,2.0,0.0,1.0,1.0,1.0,0.0,0.0,0.0,1.0
177000.0,3.372203618,3.2205380602225033E-7,177000.0,82.36892655367231,57.076005795226095,59.849985847721484,46.1195807938673,905.0,4560.0,1.0,0.0,1.0,1.0,1.0,0.0,0.0,0.0,1.0
178000.0,3.387085778,3.234963335523443E-7,178000.0,82.38539325842696,57.131089603424655,59.88382507228947,46.16229952951681,1905.0,12224.0,0.0,0.0,5.0,3.0,3.0,2.0,0.0,0.0,1.0
179000.0,3.402161939,3.2492927204101026E-7,179000.0,82.38770949720671,57.135624718873544,59.88650244299675,46.16921369418596,601.0,4560.0,2.0,0.0,1.0,1.0,1.0,0.0,0.0,0.0,1.0
180000.0,3.417101987,3.2638745965688167E-7,180000.0,82.41000000000001,57.19558810556307,59.932676976032006,46.23717992257015,1601.0,12904.0,0.0,0.0,5.0,3.0,3.0,2.0,0.0,0.0,1.0
181000.0,3.433413845,3.279557055685047E-7,181000.0,82.42265193370166,57.23269884185598,59.96400976518261,46.28385223205241,841.0,8384.0,1.0,0.0,3.0,2.0,2.0,1.0,0.0,0.0,1.0
182000.0,3.44782166,3.2936084257230773E-7,182000.0,82.44120879120878,57.30631670967383,60.01426408578471,46.333148605303364,1841.0,12224.0,0.0,0.0,5.0,3.0,3.0,2.0,0.0,0.0,1.0
183000.0,3.462847104,3.3078354974678603E-7,183000.0,82.48032786885246,57.42334532157313,60.09931302270011,46.44628927455858,25.0,4464.0,2.0,0.0,1.0,1.0,1.0,0.0,0.0,0.0,1.0
184000.0,3.47695217,3.321227877034929E-7,184000.0,82.46902173913043,57.38316103367394,60.06511996434496,46.3929004703106,513.0,4560.0,1.0,0.0,1.0,1.0,1.0,0.0,0.0,0.0,1.0
185000.0,3.491876012,3.335687995127401E-7,185000.0,82.48,57.41510206136364,60.08669310149496,46.42821724901655,1513.0,12224.0,0.0,0.0,5.0,3.0,3.0,2.0,0.0,0.0,1.0
186000.0,3.505388498,3.3488326277106364E-7,186000.0,82.50537634408602,57.51586627028736,60.15136114818943,46.506657899062965,2513.0,12224.0,0.0,0.0,5.0,3.0,3.0,2.0,0.0,0.0,1.0
187000.0,3.520257182,3.362924193220522E-7,187000.0,82.51978609625668,57.5691918082768,60.19047387073595,46.55854559722722,185.0,4560.0,2.0,0.0,1.0,1.0,1.0,0.0,0.0,0.0,1.0
188000.0,3.534642186,3.376740154183841E-7,188000.0,82.51648936170213,57.545455557896595,60.20268552263563,46.54577980159376,1185.0,8392.0,0.0,0.0,3.0,2.0,2.0,1.0,0.0,0.0,1.0
189000.0,3.550059133,3.391378129361651E-7,189000.0,82.52539682539683,57.57560170132052,60.23574171954199,46.57899844720497,553.0,4560.0,2.0,0.0,1.0,1.0,1.0,0.0,0.0,0.0,1.0
190000.0,3.56576579,3.406274923073561E-7,190000.0,82.50526315789473,57.519866368622075,60.203055409223694,46.52251556542304,49.0,4544.0,4.0,0.0,1.0,1.0,1.0,0.0,0.0,0.0,1.0
191000.0,3.580642978,3.4203763955128464E-7,191000.0,82.49267015706806,57.4850654377719,60.182186234817806,46.49931202201529,153.0,4560.0,1.0,0.0,1.0,1.0,1.0,0.0,0.0,0.0,1.0
192000.0,3.595027469,3.434059088566525E-7,192000.0,82.50052083333334,57.49927279310166,60.19924660617404,46.526506771919216,865.0,4560.0,1.0,0.0,1.0,1.0,1.0,0.0,0.0,0.0,1.0
193000.0,3.60974029,3.4483494553509045E-7,193000.0,82.52279792746114,57.57741782473429,60.26083575829691,46.60197248650448,1865.0,12224.0,0.0,0.0,5.0,3.0,3.0,2.0,0.0,0.0,1.0
194000.0,3.623370457,3.4616407236196907E-7,194000.0,82.54432989690721,57.665293078894834,60.3019788052143,46.660786290322584,2865.0,12224.0,0.0,0.0,5.0,3.0,3.0,2.0,0.0,0.0,1.0
195000.0,3.637858408,3.475385248111207E-7,195000.0,82.58051282051282,57.78602756125697,60.39225288884224,46.7844777615892,57.0,4544.0,1.0,0.0,1.0,1.0,1.0,0.0,0.0,0.0,1.0
196000.0,3.653161059,3.490090156636592E-7,196000.0,82.55102040816327,57.70834641182995,60.33586936351828,46.71569238439487,897.0,8392.0,1.0,0.0,3.0,2.0,2.0,1.0,0.0,0.0,1.0
197000.0,3.669529324,3.505611057072855E-7,197000.0,82.53705583756346,57.690743561456756,60.30233094853451,46.67761985213201,105.0,4560.0,3.0,0.0,1.0,1.0,1.0,0.0,0.0,0.0,1.0
198000.0,3.685439833,3.521062746526961E-7,198000.0,82.54747474747475,57.711471988548645,60.33334863859682,46.70820289005753,1105.0,11984.0,0.0,0.0,5.0,3.0,3.0,2.0,0.0,0.0,1.0
199000.0,3.700474978,3.535356881101282E-7,199000.0,82.57587939698492,57.77748133297232,60.392940773316575,46.774936296933035,601.0,4560.0,1.0,0.0,1.0,1.0,1.0,0.0,0.0,0.0,1.0
200000.0,3.716279889,3.5507092887327466E-7,200000.0,82.5975,57.83373994054175,60.44167121294781,46.839870478983386,1601.0,12832.0,0.0,0.0,5.0,3.0,3.0,2.0,0.0,0.0,1.0
201000.0,3.732005879,3.5656445974919507E-7,201000.0,82.61243781094527,57.87145463128647,60.46761532022713,46.88763259475396,649.0,4560.0,2.0,0.0,1.0,1.0,1.0,0.0,0.0,0.0,1.0
202000.0,3.74770072,3.5808439618600923E-7,202000.0,82.61584158415842,57.885510822466216,60.488770871776396,46.89612412479017,1649.0,12224.0,0.0,0.0,5.0,3.0,3.0,2.0,0.0,0.0,1.0
203000.0,3.762116269,3.5948599128774446E-7,203000.0,82.64187192118226,57.97267600155713,60.53733817139273,46.96337994250365,2649.0,12224.0,0.0,0.0,5.0,3.0,3.0,2.0,0.0,0.0,1.0
204000.0,3.778241332,3.6101698913647874E-7,204000.0,82.62843137254902,57.9309801944712,60.50464185808062,46.921291095633926,225.0,4552.0,3.0,0.0,1.0,1.0,1.0,0.0,0.0,0.0,1.0
205000.0,3.793036993,3.6243857763418075E-7,205000.0,82.62536585365854,57.923636364728104,60.50387553919341,46.925151619007885,1225.0,8392.0,0.0,0.0,3.0,2.0,2.0,1.0,0.0,0.0,1.0
206000.0,3.808528761,3.6390947920402075E-7,206000.0,82.61844660194176,57.90772516490357,60.48775104833371,46.90766744265359,625.0,4560.0,2.0,0.0,1.0,1.0,1.0,0.0,0.0,0.0,1.0
207000.0,3.824374305,3.654121999729195E-7,207000.0,82.61739130434783,57.901795857938765,60.48322442479821,46.90336004249857,313.0,4560.0,2.0,0.0,1.0,1.0,1.0,0.0,0.0,0.0,1.0
208000.0,3.838664132,3.667714647298801E-7,208000.0,82.60625,57.860221290866576,60.449735449735456,46.8659127625202,769.0,4560.0,1.0,0.0,1.0,1.0,1.0,0.0,0.0,0.0,1.0
209000.0,3.854192749,3.682433582399018E-7,209000.0,82.59282296650717,57.83990436656757,60.41585063324193,46.840159562809575,169.0,4560.0,2.0,0.0,1.0,1.0,1.0,0.0,0.0,0.0,1.0
210000.0,3.868477182,3.6960104564019354E-7,210000.0,82.5847619047619,57.80863643981336,60.38818967571432,46.80900575949736,753.0,4560.0,1.0,0.0,1.0,1.0,1.0,0.0,0.0,0.0,1.0
211000.0,3.883219714,3.7103736172534505E-7,211000.0,82.5872037914692,57.81960920113431,60.394748189030715,46.80305794457477,1753.0,12224.0,0.0,0.0,5.0,3.0,3.0,2.0,0.0,0.0,1.0
212000.0,3.898016215,3.724407796692784E-7,212000.0,82.58207547169812,57.83177129803323,60.40531846450783,46.81013496967864,449.0,4560.0,2.0,0.0,1.0,1.0,1.0,0.0,0.0,0.0,1.0
213000.0,3.912331957,3.7380250949080394E-7,213000.0,82.58638497652582,57.830150276047,60.418956557000925,46.816076626374716,841.0,4560.0,1.0,0.0,1.0,1.0,1.0,0.0,0.0,0.0,1.0
214000.0,3.926984136,3.752311144546997E-7,214000.0,82.59392523364485,57.86219206452278,60.42813130776585,46.82740210983113,1841.0,12224.0,0.0,0.0,5.0,3.0,3.0,2.0,0.0,0.0,1.0
215000.0,3.941622808,3.766182901961272E-7,215000.0,82.60651162790697,57.90653591409413,60.458476959840965,46.86483183904289,153.0,4560.0,2.0,0.0,1.0,1.0,1.0,0.0,0.0,0.0,1.0
216000.0,3.956111842,3.779944646637678E-7,216000.0,82.57824074074074,57.824391502673365,60.394257688340666,46.786486983327904,801.0,3960.0,1.0,0.0,3.0,2.0,2.0,1.0,0.0,0.0,1.0
217000.0,3.971664258,3.7947189709441923E-7,217000.0,82.57926267281105,57.82612421120369,60.39082145850796,46.794556023138306,681.0,4560.0,1.0,0.0,1.0,1.0,1.0,0.0,0.0,0.0,1.0
218000.0,3.986466708,3.809133155462972E-7,218000.0,82.58532110091743,57.848895003917,60.39765081418273,46.814233678901644,1681.0,12224.0,0.0,0.0,5.0,3.0,3.0,2.0,0.0,0.0,1.0
219000.0,4.001309537,3.823207589809036E-7,219000.0,82.57762557077626,57.82657053297265,60.38313778423841,46.79041097800774,665.0,4560.0,2.0,0.0,1.0,1.0,1.0,0.0,0.0,0.0,1.0
220000.0,4.016186846,3.8375145473319395E-7,220000.0,82.5709090909091,57.80338961394317,60.35689546436732,46.77549207406792,897.0,8384.0,1.0,0.0,3.0,2.0,2.0,1.0,0.0,0.0,1.0
221000.0,4.031938364,3.8524525849532935E-7,221000.0,82.57556561085973,57.821776360847664,60.37211599810648,46.79304722690468,265.0,4560.0,3.0,0.0,1.0,1.0,1.0,0.0,0.0,0.0,1.0
222000.0,4.046917411,3.866982623060273E-7,222000.0,82.57927927927928,57.833321842685805,60.38230654182632,46.804032956905694,1265.0,12216.0,0.0,0.0,5.0,3.0,3.0,2.0,0.0,0.0,1.0
223000.0,4.061583685,3.8808841788245756E-7,223000.0,82.58385650224214,57.85169505201495,60.390405091176106,46.814745836985075,217.0,4560.0,2.0,0.0,1.0,1.0,1.0,0.0,0.0,0.0,1.0
224000.0,4.075849402,3.894416691929265E-7,224000.0,82.57901785714286,57.8307299315885,60.385958500832416,46.80326081029499,929.0,4560.0,1.0,0.0,1.0,1.0,1.0,0.0,0.0,0.0,1.0
225000.0,4.091113125,3.908952779099612E-7,225000.0,82.59777777777778,57.8988810554698,60.439105219552616,46.87822217398384,233.0,4560.0,1.0,0.0,1.0,1.0,1.0,0.0,0.0,0.0,1.0
226000.0,4.106112414,3.923179298821296E-7,226000.0,82.59513274336283,57.8893848304081,60.4391073026984,46.867570780203145,305.0,4560.0,1.0,0.0,1.0,1.0,1.0,0.0,0.0,0.0,1.0
227000.0,4.120817208,3.93730787747113E-7,227000.0,82.5704845814978,57.808420597404776,60.39143057363099,46.78404261042664,953.0,8392.0,1.0,0.0,3.0,2.0,2.0,1.0,0.0,0.0,1.0
228000.0,4.13597806,3.9516857537842433E-7,228000.0,82.56622807017544,57.82349966909812,60.388057321667034,46.79276095628197,321.0,4560.0,2.0,0.0,1.0,1.0,1.0,0.0,0.0,0.0,1.0
229000.0,4.150286674,3.965271396684934E-7,229000.0,82.56681222707424,57.81913788400757,60.39484126984127,46.80329397969247,521.0,4560.0,1.0,0.0,1.0,1.0,1.0,0.0,0.0,0.0,1.0
230000.0,4.165068328,3.9796830741523843E-7,230000.0,82.5808695652174,57.86119559025407,60.42749056715594,46.84427697655598,1521.0,12880.0,0.0,0.0,5.0,3.0,3.0,2.0,0.0,0.0,1.0
231000.0,4.180389748,3.994232251579229E-7,231000.0,82.55194805194806,57.78050237883499,60.363275180457485,46.76045175351695,473.0,4560.0,3.0,0.0,1.0,1.0,1.0,0.0,0.0,0.0,1.0
232000.0,4.195304557,4.008720658680152E-7,232000.0,82.54827586206896,57.77141337973705,60.35718481964516,46.74873737373738,1473.0,12224.0,0.0,0.0,5.0,3.0,3.0,2.0,0.0,0.0,1.0
233000.0,4.209990499,4.0226627406887474E-7,233000.0,82.54506437768241,57.76242998328518,60.34516380655228,46.732852221974845,553.0,4560.0,2.0,0.0,1.0,1.0,1.0,0.0,0.0,0.0,1.0
234000.0,4.225273575,4.037158742891808E-7,234000.0,82.54786324786325,57.7746202847769,60.353765800050496,46.74438923881435,49.0,4520.0,1.0,0.0,1.0,1.0,1.0,0.0,0.0,0.0,1.0
235000.0,4.239981304,4.051139771883642E-7,235000.0,82.53148936170213,57.71756791618083,60.31304078811257,46.68978234896888,281.0,4560.0,2.0,0.0,1.0,1.0,1.0,0.0,0.0,0.0,1.0
236000.0,4.254351481,4.0649093725259284E-7,236000.0,82.52966101694915,57.69294621811854,60.2992720409814,46.665804281741146,1281.0,8392.0,0.0,0.0,3.0,2.0,2.0,1.0,0.0,0.0,1.0
237000.0,4.269252004,4.079084771437402E-7,237000.0,82.54894514767932,57.743296836405136,60.34383569524613,46.71673902680974,681.0,4560.0,1.0,0.0,1.0,1.0,1.0,0.0,0.0,0.0,1.0
238000.0,4.285110615,4.0941115710686864E-7,238000.0,82.5718487394958,57.800517663372965,60.391321785298224,46.779491390592526,17.0,4536.0,2.0,0.0,1.0,1.0,1.0,0.0,0.0,0.0,1.0
239000.0,4.299484456,4.107916810618773E-7,239000.0,82.5581589958159,57.754953331805716,60.36585945596471,46.73804717246314,1017.0,8392.0,0.0,0.0,3.0,2.0,2.0,1.0,0.0,0.0,1.0
240000.0,4.315734096,4.123279826152922E-7,240000.0,82.54041666666667,57.70962246066205,60.32363746543955,46.68965166280757,1.0,3816.0,4.0,0.0,1.0,1.0,1.0,0.0,0.0,0.0,1.0
241000.0,4.329967565,4.13678351614297E-7,241000.0,82.53734439834025,57.705541111335116,60.321126866797414,46.68870816548859,777.0,4560.0,1.0,0.0,1.0,1.0,1.0,0.0,0.0,0.0,1.0
242000.0,4.345604983,4.151605579220253E-7,242000.0,82.54752066115702,57.73530434280414,60.34384007962217,46.71402076683363,113.0,4560.0,2.0,0.0,1.0,1.0,1.0,0.0,0.0,0.0,1.0
243000.0,4.35985946,4.165150440913209E-7,243000.0,82.55720164609053,57.764195058809186,60.36320790005239,46.75460084165568,569.0,4560.0,1.0,0.0,1.0,1.0,1.0,0.0,0.0,0.0,1.0
244000.0,4.374568354,4.179422381481505E-7,244000.0,82.57704918032786,57.834585193744935,60.41639509115625,46.82676672920575,1569.0,12224.0,0.0,0.0,5.0,3.0,3.0,2.0,0.0,0.0,1.0
245000.0,4.388815891,4.19344511652363E-7,245000.0,82.60448979591837,57.922736469291046,60.477581490239714,46.91139650468989,2569.0,16048.0,0.0,0.0,7.0,4.0,4.0,3.0,0.0,0.0,1.0
246000.0,4.402453495,4.206796698870735E-7,246000.0,82.63617886178862,58.015758389887786,60.54697602246279,46.99583064476102,3569.0,16056.0,0.0,0.0,7.0,4.0,4.0,3.0,0.0,0.0,1.0
247000.0,4.416342521,4.220471178777327E-7,247000.0,82.66801619433198,58.1093474135287,60.61601302679877,47.08347239218304,4569.0,16704.0,0.0,0.0,7.0,4.0,4.0,3.0,0.0,0.0,1.0
248000.0,4.430166815,4.234137431635519E-7,248000.0,82.70443548387097,58.217091999564666,60.69189882697946,47.19301701425651,5569.0,16768.0,0.0,0.0,7.0,4.0,4.0,3.0,0.0,0.0,1.0
249000.0,4.445183829,4.248412464042274E-7,249000.0,82.69518072289156,58.18543100982132,60.66152975331861,47.16701202839732,905.0,4560.0,2.0,0.0,1.0,1.0,1.0,0.0,0.0,0.0,1.0
250000.0,4.460716645,4.2632318196158623E-7,250000.0,82.6888,58.16398062487317,60.63990395983774,47.14395632579782,529.0,4560.0,1.0,0.0,1.0,1.0,1.0,0.0,0.0,0.0,1.0
251000.0,4.475775409,4.277839185142121E-7,251000.0,82.69322709163347,58.17763449858009,60.64005218998606,47.15585616271715,1529.0,12216.0,0.0,0.0,5.0,3.0,3.0,2.0,0.0,0.0,1.0
252000.0,4.49063424,4.291939863776496E-7,252000.0,82.7015873015873,58.20018124213507,60.65917008104253,47.17657893461295,417.0,4560.0,2.0,0.0,1.0,1.0,1.0,0.0,0.0,0.0,1.0
253000.0,4.505655557,4.306510283042405E-7,253000.0,82.70158102766798,58.202119059612144,60.66880555031319,47.186455404443265,1417.0,12920.0,0.0,0.0,5.0,3.0,3.0,2.0,0.0,0.0,1.0
254000.0,4.520436715,4.320550100130792E-7,254000.0,82.71535433070866,58.23429321936799,60.700538876058495,47.22245597162949,721.0,4560.0,2.0,0.0,1.0,1.0,1.0,0.0,0.0,0.0,1.0
255000.0,4.535649104,4.3349932233342874E-7,255000.0,82.72313725490196,58.259024830364794,60.71479526323298,47.24085073768921,25.0,4544.0,1.0,0.0,1.0,1.0,1.0,0.0,0.0,0.0,1.0
256000.0,4.550389264,4.3489922682758185E-7,256000.0,82.701953125,58.19955285259434,60.671592745874726,47.18468602778938,609.0,4560.0,2.0,0.0,1.0,1.0,1.0,0.0,0.0,0.0,1.0
257000.0,4.565155463,4.363369319038918E-7,257000.0,82.70428015564202,58.22164335228794,60.68076674716273,47.19773823382668,1609.0,12224.0,0.0,0.0,5.0,3.0,3.0,2.0,0.0,0.0,1.0
258000.0,4.579624908,4.377093292532217E-7,258000.0,82.70813953488371,58.24557621317694,60.69962472911784,47.21167157715381,433.0,4560.0,1.0,0.0,1.0,1.0,1.0,0.0,0.0,0.0,1.0
259000.0,4.594734904,4.3918103960679815E-7,259000.0,82.72162162162162,58.26331414512912,60.7188940092166,47.23070573669006,1433.0,12888.0,0.0,0.0,5.0,3.0,3.0,2.0,0.0,0.0,1.0
260000.0,4.610010583,4.406306653579818E-7,260000.0,82.71230769230769,58.22570959181156,60.688485018104224,47.18337994406712,385.0,4560.0,3.0,0.0,1.0,1.0,1.0,0.0,0.0,0.0,1.0
261000.0,4.624966659,4.4208236952150004E-7,261000.0,82.70842911877395,58.209883840886036,60.685912401128974,47.17504535611871,1385.0,12216.0,0.0,0.0,5.0,3.0,3.0,2.0,0.0,0.0,1.0
262000.0,4.639185856,4.434345627341603E-7,262000.0,82.71603053435115,58.24145221271599,60.69847772126852,47.198059746740995,305.0,4560.0,1.0,0.0,1.0,1.0,1.0,0.0,0.0,0.0,1.0
263000.0,4.654051823,4.448597373648709E-7,263000.0,82.70950570342205,58.22068873687852,60.68643554940778,47.17853409222904,953.0,8384.0,1.0,0.0,3.0,2.0,2.0,1.0,0.0,0.0,1.0
264000.0,4.669771231,4.4635127674916315E-7,264000.0,82.71022727272728,58.22496758647243,60.69592622252073,47.183587512438976,353.0,4560.0,3.0,0.0,1.0,1.0,1.0,0.0,0.0,0.0,1.0
265000.0,4.684705181,4.47803985816983E-7,265000.0,82.70075471698112,58.18702595952121,60.67813765182185,47.140419251435546,1353.0,12216.0,0.0,0.0,5.0,3.0,3.0,2.0,0.0,0.0,1.0
266000.0,4.699441571,4.492037152572822E-7,266000.0,82.69172932330827,58.156508457594036,60.65226309312184,47.10234845351348,369.0,4560.0,2.0,0.0,1.0,1.0,1.0,0.0,0.0,0.0,1.0
267000.0,4.713781688,4.5056651716449995E-7,267000.0,82.68838951310862,58.13068339372273,60.64471085075949,47.081115118209404,185.0,4560.0,1.0,0.0,1.0,1.0,1.0,0.0,0.0,0.0,1.0
268000.0,4.72815318,4.519448524524434E-7,268000.0,82.69701492537314,58.13779842171477,60.66435939196525,47.093520747527066,1185.0,8392.0,0.0,0.0,3.0,2.0,2.0,1.0,0.0,0.0,1.0
269000.0,4.743392369,4.5338969074633153E-7,269000.0,82.70408921933085,58.17182640481955,60.690779746364875,47.12654128075459,265.0,4560.0,2.0,0.0,1.0,1.0,1.0,0.0,0.0,0.0,1.0
270000.0,4.758098116,4.547850486902145E-7,270000.0,82.71111111111111,58.17626147305626,60.70177801724138,47.13476783691959,81.0,4560.0,2.0,0.0,1.0,1.0,1.0,0.0,0.0,0.0,1.0
271000.0,4.772959644,4.5621315032951506E-7,271000.0,82.70295202952029,58.16709101192369,60.69248314493677,47.133061150835715,921.0,8392.0,1.0,0.0,3.0,2.0,2.0,1.0,0.0,0.0,1.0
272000.0,4.787902389,4.5763340807529136E-7,272000.0,82.71764705882353,58.200494302067476,60.7261911724161,47.17430635935586,705.0,4560.0,1.0,0.0,1.0,1.0,1.0,0.0,0.0,0.0,1.0
273000.0,4.802502304,4.5904984667690235E-7,273000.0,82.72490842490842,58.23606382479177,60.7469245751003,47.19463447951541,1705.0,12224.0,0.0,0.0,5.0,3.0,3.0,2.0,0.0,0.0,1.0
274000.0,4.815846568,4.603496027316316E-7,274000.0,82.7448905109489,58.3122218855764,60.79067183055374,47.261511690166,2705.0,12224.0,0.0,0.0,5.0,3.0,3.0,2.0,0.0,0.0,1.0
275000.0,4.829464072,4.6166819439844927E-7,275000.0,82.76618181818182,58.38262375407975,60.8416164720852,47.324137777728374,3705.0,12224.0,0.0,0.0,5.0,3.0,3.0,2.0,0.0,0.0,1.0
276000.0,4.843063041,4.629902261870538E-7,276000.0,82.79130434782608,58.458029349698435,60.893836349564445,47.391506612613824,4705.0,12224.0,0.0,0.0,5.0,3.0,3.0,2.0,0.0,0.0,1.0
277000.0,4.856724042,4.643237168471885E-7,277000.0,82.81407942238268,58.52985648161976,60.948459020696774,47.45700977903356,5705.0,12224.0,0.0,0.0,5.0,3.0,3.0,2.0,0.0,0.0,1.0
278000.0,4.870353026,4.656462972053593E-7,278000.0,82.8431654676259,58.61635922277632,61.018666841021286,47.54588745064831,6705.0,12224.0,0.0,0.0,5.0,3.0,3.0,2.0,0.0,0.0,1.0
279000.0,4.884987328,4.670322107984702E-7,279000.0,82.86594982078853,58.68467947395389,61.07229523949121,47.61320299829045,25.0,4528.0,2.0,0.0,1.0,1.0,1.0,0.0,0.0,0.0,1.0
280000.0,4.899122984,4.6837452872454263E-7,280000.0,82.84892857142857,58.63019514568455,61.02535385014932,47.56169469316444,609.0,4560.0,1.0,0.0,1.0,1.0,1.0,0.0,0.0,0.0,1.0
281000.0,4.914292619,4.6981440510296335E-7,281000.0,82.85053380782918,58.65233380039727,61.03308023837827,47.58253113612879,41.0,4544.0,1.0,0.0,1.0,1.0,1.0,0.0,0.0,0.0,1.0
282000.0,4.929610439,4.7128575126820316E-7,282000.0,82.83581560283689,58.617952797948625,61.00180476328596,47.551659497003925,849.0,8384.0,2.0,0.0,3.0,2.0,2.0,1.0,0.0,0.0,1.0
283000.0,4.944611096,4.727064219020842E-7,283000.0,82.84098939929329,58.64365331286464,61.00976361767728,47.55712989761977,25.0,4544.0,2.0,0.0,1.0,1.0,1.0,0.0,0.0,0.0,1.0
284000.0,4.95900993,4.7408961448878434E-7,284000.0,82.84471830985916,58.6335390440977,61.01883410942026,47.548096073724,1025.0,8272.0,0.0,0.0,3.0,2.0,2.0,1.0,0.0,0.0,1.0
285000.0,4.974180883,4.7552817166656845E-7,285000.0,82.85438596491228,58.66273423968259,61.04729487353225,47.57649229712913,297.0,4560.0,2.0,0.0,1.0,1.0,1.0,0.0,0.0,0.0,1.0
286000.0,4.989387687,4.770063212500654E-7,286000.0,82.86013986013985,58.67956611130454,61.055056804639705,47.59965365744156,1297.0,12224.0,0.0,0.0,5.0,3.0,3.0,2.0,0.0,0.0,1.0
287000.0,5.00472127,4.784612515468561E-7,287000.0,82.85505226480836,58.66828635767525,61.0416138839625,47.58795522086,185.0,4560.0,3.0,0.0,1.0,1.0,1.0,0.0,0.0,0.0,1.0
288000.0,5.01958639,4.798700703252518E-7,288000.0,82.84583333333333,58.633483191084636,61.01510345154111,47.554140127388514,97.0,4560.0,1.0,0.0,1.0,1.0,1.0,0.0,0.0,0.0,1.0
289000.0,5.033834059,4.812230249743636E-7,289000.0,82.84359861591696,58.62072506507624,61.00756539108826,47.5455968854471,329.0,4560.0,1.0,0.0,1.0,1.0,1.0,0.0,0.0,0.0,1.0
290000.0,5.048939288,4.826913011456733E-7,290000.0,82.85275862068966,58.646647026015195,61.04029395864836,47.58571985707209,1329.0,12896.0,0.0,0.0,5.0,3.0,3.0,2.0,0.0,0.0,1.0
291000.0,5.064240329,4.84142953685114E-7,291000.0,82.83470790378007,58.58537336384515,60.99711095494651,47.5161283543825,185.0,4560.0,3.0,0.0,1.0,1.0,1.0,0.0,0.0,0.0,1.0
292000.0,5.079769841,4.856150605883591E-7,292000.0,82.83835616438357,58.59032493633857,61.003548527672294,47.525053143030675,33.0,4544.0,1.0,0.0,1.0,1.0,1.0,0.0,0.0,0.0,1.0
293000.0,5.094205019,4.870034174892696E-7,293000.0,82.84027303754267,58.59011849042758,61.01090311273788,47.53691240152346,1033.0,8336.0,0.0,0.0,3.0,2.0,2.0,1.0,0.0,0.0,1.0
294000.0,5.109477531,4.884521737542476E-7,294000.0,82.84965986394558,58.61486769321219,61.026473429951686,47.56229460460086,369.0,4560.0,2.0,0.0,1.0,1.0,1.0,0.0,0.0,0.0,1.0
295000.0,5.124136598,4.898429204254305E-7,295000.0,82.83694915254237,58.57339020014841,61.00418216687077,47.52394179345797,409.0,4560.0,2.0,0.0,1.0,1.0,1.0,0.0,0.0,0.0,1.0
296000.0,5.138959951,4.91267783180448E-7,296000.0,82.8320945945946,58.55308282638872,60.98083479222336,47.50635291200959,865.0,8360.0,1.0,0.0,3.0,2.0,2.0,1.0,0.0,0.0,1.0
297000.0,5.152929186,4.926211270455267E-7,297000.0,82.84343434343434,58.59747863922669,60.99825485273406,47.535058997961315,1865.0,12224.0,0.0,0.0,5.0,3.0,3.0,2.0,0.0,0.0,1.0
298000.0,5.167541777,4.940080087700834E-7,298000.0,82.84261744966443,58.60482113292876,60.99791750894402,47.537400726466764,529.0,4560.0,2.0,0.0,1.0,1.0,1.0,0.0,0.0,0.0,1.0
299000.0,5.181777823,4.953642791527153E-7,299000.0,82.83444816053512,58.58203272818916,60.99094032164897,47.52635184181738,985.0,4560.0,1.0,0.0,1.0,1.0,1.0,0.0,0.0,0.0,1.0
300000.0,5.197119323,4.968220562122489E-7,300000.0,82.825,58.553129775217414,60.965613375858915,47.503285820538174,705.0,4560.0,2.0,0.0,1.0,1.0,1.0,0.0,0.0,0.0,1.0
301000.0,5.213082505,4.983347438950108E-7,301000.0,82.81893687707641,58.53731911899056,60.95360338253614,47.486266107494984,137.0,4560.0,2.0,0.0,1.0,1.0,1.0,0.0,0.0,0.0,1.0
302000.0,5.227375242,4.996916232247895E-7,302000.0,82.8139072847682,58.518096932932075,60.945400915001194,47.469206400615356,593.0,4560.0,1.0,0.0,1.0,1.0,1.0,0.0,0.0,0.0,1.0
303000.0,5.242007872,5.011155965980925E-7,303000.0,82.8158415841584,58.52636051491417,60.95124530339504,47.46867370205209,1593.0,12224.0,0.0,0.0,5.0,3.0,3.0,2.0,0.0,0.0,1.0
304000.0,5.256809528,5.02520973895676E-7,304000.0,82.81480263157894,58.52880118249841,60.94360921929083,47.47018722223338,609.0,4560.0,2.0,0.0,1.0,1.0,1.0,0.0,0.0,0.0,1.0
305000.0,5.271077676,5.038788852278346E-7,305000.0,82.82229508196721,58.54474612985408,60.96208869814019,47.49511449616675,649.0,4560.0,1.0,0.0,1.0,1.0,1.0,0.0,0.0,0.0,1.0
306000.0,5.285934328,5.05330562789626E-7,306000.0,82.83398692810458,58.57674795143096,60.988072426956606,47.53443402351203,1649.0,12848.0,0.0,0.0,5.0,3.0,3.0,2.0,0.0,0.0,1.0
307000.0,5.300413929,5.06706081043529E-7,307000.0,82.84136807817589,58.59077372560062,61.010902469894226,47.55324127082109,825.0,4560.0,1.0,0.0,1.0,1.0,1.0,0.0,0.0,0.0,1.0
308000.0,5.315203031,5.081111846009907E-7,308000.0,82.82694805194805,58.545005725941955,60.97436805524814,47.506475719772546,769.0,4560.0,1.0,0.0,1.0,1.0,1.0,0.0,0.0,0.0,1.0
309000.0,5.330541374,5.095652332898557E-7,309000.0,82.83042071197411,58.555644768990255,60.98454207174478,47.52220617618547,393.0,4560.0,1.0,0.0,1.0,1.0,1.0,0.0,0.0,0.0,1.0
310000.0,5.345302155,5.109996614350436E-7,310000.0,82.83806451612902,58.58165139223698,61.00989373396848,47.54909693193469,1393.0,12224.0,0.0,0.0,5.0,3.0,3.0,2.0,0.0,0.0,1.0
311000.0,5.358836238,5.123200910091272E-7,311000.0,82.84694533762058,58.624226033135166,61.02945473671908,47.57613577177449,2393.0,12224.0,0.0,0.0,5.0,3.0,3.0,2.0,0.0,0.0,1.0
312000.0,5.375004224,5.138483046140104E-7,312000.0,82.84487179487179,58.62280298661232,61.03349616697851,47.57739885015819,1.0,3728.0,5.0,0.0,1.0,1.0,1.0,0.0,0.0,0.0,1.0
313000.0,5.389264864,5.152191958542496E-7,313000.0,82.83290734824281,58.583729321357424,61.000870953694296,47.53661394258935,1001.0,8392.0,0.0,0.0,3.0,2.0,2.0,1.0,0.0,0.0,1.0
314000.0,5.404034629,5.166206281597309E-7,314000.0,82.8407643312102,58.609670931267544,61.02092195503083,47.568167221346414,625.0,4560.0,1.0,0.0,1.0,1.0,1.0,0.0,0.0,0.0,1.0
315000.0,5.419039931,5.180438504526864E-7,315000.0,82.8215873015873,58.55114056527289,60.98405099068438,47.51197935864356,185.0,4560.0,2.0,0.0,1.0,1.0,1.0,0.0,0.0,0.0,1.0
316000.0,5.433133278,5.193826757460828E-7,316000.0,82.81708860759494,58.53610124136131,60.975153984921334,47.502151234179976,577.0,4560.0,1.0,0.0,1.0,1.0,1.0,0.0,0.0,0.0,1.0
317000.0,5.447877711,5.20813867401027E-7,317000.0,82.82334384858045,58.559801046165305,60.992348912513975,47.524141786010304,1577.0,12224.0,0.0,0.0,5.0,3.0,3.0,2.0,0.0,0.0,1.0
318000.0,5.461291847,5.221210954054461E-7,318000.0,82.83930817610063,58.62001587812971,61.032404564345,47.57627574546574,2577.0,12224.0,0.0,0.0,5.0,3.0,3.0,2.0,0.0,0.0,1.0
319000.0,5.474928634,5.234424009407224E-7,319000.0,82.8614420062696,58.69041622925747,61.08034226974387,47.64772912257854,3577.0,12224.0,0.0,0.0,5.0,3.0,3.0,2.0,0.0,0.0,1.0
320000.0,5.488529369,5.247654488568273E-7,320000.0,82.8821875,58.755806813193026,61.128457684610915,47.707919657858575,4577.0,12224.0,0.0,0.0,5.0,3.0,3.0,2.0,0.0,0.0,1.0
321000.0,5.503742875,5.262095523690987E-7,321000.0,82.88691588785046,58.763371034457876,61.139093648749984,47.71472626208786,489.0,4560.0,2.0,0.0,1.0,1.0,1.0,0.0,0.0,0.0,1.0
322000.0,5.519095556,5.276678199355259E-7,322000.0,82.89223602484472,58.78555917957756,61.15436146957196,47.73231872782133,273.0,4560.0,1.0,0.0,1.0,1.0,1.0,0.0,0.0,0.0,1.0
323000.0,5.534451595,5.291241182319629E-7,323000.0,82.87647058823529,58.751264331276474,61.12036666034009,47.698345153664306,57.0,4560.0,2.0,0.0,1.0,1.0,1.0,0.0,0.0,0.0,1.0
324000.0,5.549077041,5.305124016386369E-7,324000.0,82.86759259259259,58.71459463793977,61.09873013203261,47.66116333669629,705.0,4560.0,2.0,0.0,1.0,1.0,1.0,0.0,0.0,0.0,1.0
325000.0,5.564918174,5.320149007973526E-7,325000.0,82.86338461538462,58.70472475687405,61.090152023250624,47.65601503759399,329.0,4560.0,2.0,0.0,1.0,1.0,1.0,0.0,0.0,0.0,1.0
326000.0,5.579532059,5.33400453576472E-7,326000.0,82.85521472392638,58.67566802844068,61.07609702422822,47.63136196686906,241.0,4560.0,2.0,0.0,1.0,1.0,1.0,0.0,0.0,0.0,1.0
327000.0,5.594609912,5.348322422652024E-7,327000.0,82.8434250764526,58.652826475219385,61.040818877515605,47.60201365474602,601.0,4560.0,3.0,0.0,1.0,1.0,1.0,0.0,0.0,0.0,1.0
328000.0,5.609263547,5.362610801725788E-7,328000.0,82.85548780487805,58.6851305888507,61.06110126301794,47.63181911307295,1601.0,12872.0,0.0,0.0,5.0,3.0,3.0,2.0,0.0,0.0,1.0
329000.0,5.624200758,5.376802554757619E-7,329000.0,82.85410334346504,58.67219921575543,61.0471218649873,47.61767682864546,809.0,4560.0,2.0,0.0,1.0,1.0,1.0,0.0,0.0,0.0,1.0
330000.0,5.638960049,5.391176545083642E-7,330000.0,82.86212121212121,58.69919274081653,61.06421942555007,47.64153126880525,1809.0,12224.0,0.0,0.0,5.0,3.0,3.0,2.0,0.0,0.0,1.0
331000.0,5.654743065,5.406132694741044E-7,331000.0,82.85166163141994,58.67215163397136,61.04629616920817,47.61570762770522,153.0,4560.0,4.0,0.0,1.0,1.0,1.0,0.0,0.0,0.0,1.0
332000.0,5.669682648,5.420644858383589E-7,332000.0,82.84277108433736,58.65045594587116,61.02710765062468,47.60139454874942,1153.0,12216.0,0.0,0.0,5.0,3.0,3.0,2.0,0.0,0.0,1.0
333000.0,5.684701447,5.43511057218799E-7,333000.0,82.83783783783784,58.63179068555119,61.009455974456586,47.57890681611799,873.0,8392.0,1.0,0.0,3.0,2.0,2.0,1.0,0.0,0.0,1.0
334000.0,5.698897013,5.448895010583532E-7,334000.0,82.8437125748503,58.65578681984292,61.02090376648732,47.597143092300804,1873.0,12224.0,0.0,0.0,5.0,3.0,3.0,2.0,0.0,0.0,1.0
335000.0,5.714142718,5.463376075570693E-7,335000.0,82.82776119402985,58.61475241703488,60.987535433818444,47.558274155172874,473.0,4560.0,3.0,0.0,1.0,1.0,1.0,0.0,0.0,0.0,1.0
336000.0,5.728948035,5.477569984179957E-7,336000.0,82.82440476190476,58.59928311577001,60.98461288839611,47.54351679316456,993.0,8392.0,1.0,0.0,3.0,2.0,2.0,1.0,0.0,0.0,1.0
337000.0,5.744020953,5.491870082906234E-7,337000.0,82.8347181008902,58.62562256756105,61.0124483565069,47.56863562617262,361.0,4560.0,2.0,0.0,1.0,1.0,1.0,0.0,0.0,0.0,1.0
338000.0,5.759262838,5.506313451215619E-7,338000.0,82.83520710059172,58.62818566242212,61.01243876378444,47.579421012685664,81.0,4560.0,2.0,0.0,1.0,1.0,1.0,0.0,0.0,0.0,1.0
339000.0,5.773431292,5.519781850459545E-7,339000.0,82.82300884955752,58.58385082654338,60.984924623115575,47.52777702684437,793.0,4560.0,1.0,0.0,1.0,1.0,1.0,0.0,0.0,0.0,1.0
340000.0,5.789179599,5.534705109508557E-7,340000.0,82.81735294117647,58.56967498185117,60.975658633035856,47.508445945945944,129.0,4560.0,2.0,0.0,1.0,1.0,1.0,0.0,0.0,0.0,1.0
341000.0,5.803351963,5.548157866966035E-7,341000.0,82.81114369501466,58.5465341212732,60.95887673678182,47.49025755879061,937.0,4560.0,1.0,0.0,1.0,1.0,1.0,0.0,0.0,0.0,1.0
342000.0,5.819077328,5.56307305496616E-7,342000.0,82.80555555555556,58.53531791405763,60.95337379317671,47.474900853906895,145.0,4560.0,2.0,0.0,1.0,1.0,1.0,0.0,0.0,0.0,1.0
343000.0,5.833315277,5.576593371372561E-7,343000.0,82.80932944606414,58.54044185883919,60.96650337614192,47.490471271328325,409.0,4560.0,1.0,0.0,1.0,1.0,1.0,0.0,0.0,0.0,1.0
344000.0,5.84816966,5.591049826165181E-7,344000.0,82.8188953488372,58.56860256644564,60.97936170493708,47.52603588646311,1409.0,12824.0,0.0,0.0,5.0,3.0,3.0,2.0,0.0,0.0,1.0
345000.0,5.862964844,5.605108477422735E-7,345000.0,82.81072463768115,58.53115407805608,60.95712743264951,47.48275342938868,777.0,4560.0,2.0,0.0,1.0,1.0,1.0,0.0,0.0,0.0,1.0
346000.0,5.879261322,5.620557259907921E-7,346000.0,82.8,58.50457965298803,60.93475121438885,47.454020502044,145.0,4560.0,3.0,0.0,1.0,1.0,1.0,0.0,0.0,0.0,1.0
347000.0,5.894276042,5.635147072074083E-7,347000.0,82.80144092219021,58.511844688010285,60.94050657765562,47.46566901408452,1145.0,12192.0,0.0,0.0,5.0,3.0,3.0,2.0,0.0,0.0,1.0
348000.0,5.908656944,5.648776349730682E-7,348000.0,82.80804597701149,58.53677505483708,60.94599622698165,47.48106077231667,65.0,4560.0,2.0,0.0,1.0,1.0,1.0,0.0,0.0,0.0,1.0
349000.0,5.923034072,5.662602599245203E-7,349000.0,82.80515759312321,58.52373147578264,60.93149828778272,47.472996866411094,1065.0,8392.0,0.0,0.0,3.0,2.0,2.0,1.0,0.0,0.0,1.0
350000.0,5.938335515,5.677121406105488E-7,350000.0,82.80657142857143,58.525688647661724,60.93315848243268,47.47119413407821,465.0,4560.0,2.0,0.0,1.0,1.0,1.0,0.0,0.0,0.0,1.0
351000.0,5.952513055,5.690600202930715E-7,351000.0,82.7957264957265,58.48666276484257,60.9014037086916,47.43105369454697,889.0,4560.0,1.0,0.0,1.0,1.0,1.0,0.0,0.0,0.0,1.0
352000.0,5.967749845,5.705078476191432E-7,352000.0,82.80085227272728,58.50210552924641,60.91052312142462,47.443398847142184,289.0,4560.0,1.0,0.0,1.0,1.0,1.0,0.0,0.0,0.0,1.0
353000.0,5.982608064,5.71949100070763E-7,353000.0,82.80651558073654,58.52015069343264,60.924402209603265,47.467412190350885,1289.0,12784.0,0.0,0.0,5.0,3.0,3.0,2.0,0.0,0.0,1.0
354000.0,5.99738024,5.733516783218931E-7,354000.0,82.79774011299436,58.49324373308066,60.90696659219888,47.43230061376175,625.0,4560.0,2.0,0.0,1.0,1.0,1.0,0.0,0.0,0.0,1.0
355000.0,6.012612479,5.748172629723425E-7,355000.0,82.79239436619719,58.4728620301727,60.8953102794884,47.41585607299648,953.0,8384.0,1.0,0.0,3.0,2.0,2.0,1.0,0.0,0.0,1.0
356000.0,6.028181078,5.762892730328975E-7,356000.0,82.79241573033708,58.48270125392384,60.89734587838787,47.41807007605019,1.0,3696.0,3.0,0.0,1.0,1.0,1.0,0.0,0.0,0.0,1.0
357000.0,6.042539537,5.776701026170677E-7,357000.0,82.78627450980393,58.465279626647074,60.88710960621704,47.40639308485602,1001.0,8392.0,0.0,0.0,3.0,2.0,2.0,1.0,0.0,0.0,1.0
358000.0,6.058415198,5.791764681006261E-7,358000.0,82.78519553072626,58.45561315798341,60.88115625575239,47.39128950198895,241.0,4560.0,3.0,0.0,1.0,1.0,1.0,0.0,0.0,0.0,1.0
359000.0,6.073316272,5.806257632601175E-7,359000.0,82.78467966573815,58.455228310448206,60.88467234591967,47.40035915810615,1241.0,12208.0,0.0,0.0,5.0,3.0,3.0,2.0,0.0,0.0,1.0
360000.0,6.088692102,5.820850840353921E-7,360000.0,82.77111111111111,58.41020231848425,60.853814013960935,47.35162297976367,225.0,4560.0,3.0,0.0,1.0,1.0,1.0,0.0,0.0,0.0,1.0
361000.0,6.103507528,5.834893771142675E-7,361000.0,82.76592797783934,58.388430549373304,60.842008534635774,47.32943337763819,73.0,4560.0,1.0,0.0,1.0,1.0,1.0,0.0,0.0,0.0,1.0
362000.0,6.117717483,5.848406914468004E-7,362000.0,82.76298342541436,58.381298518123835,60.827175762293685,47.32612420965549,465.0,4560.0,1.0,0.0,1.0,1.0,1.0,0.0,0.0,0.0,1.0
363000.0,6.1335016,5.863368027472286E-7,363000.0,82.76721763085399,58.39547363455493,60.842185651420024,47.3442760942761,217.0,4560.0,2.0,0.0,1.0,1.0,1.0,0.0,0.0,0.0,1.0
364000.0,6.148187052,5.877487139977554E-7,364000.0,82.75851648351649,58.36595442468769,60.82337151596493,47.315357364718544,929.0,8392.0,1.0,0.0,3.0,2.0,2.0,1.0,0.0,0.0,1.0
365000.0,6.162915434,5.891456709934603E-7,365000.0,82.76191780821918,58.377559020042554,60.83180816494229,47.32607785684386,489.0,4560.0,1.0,0.0,1.0,1.0,1.0,0.0,0.0,0.0,1.0
366000.0,6.178171371,5.905923497672771E-7,366000.0,82.77377049180328,58.40726650265247,60.858228413916414,47.359544464018825,17.0,4528.0,1.0,0.0,1.0,1.0,1.0,0.0,0.0,0.0,1.0
367000.0,6.19356787,5.920866759140188E-7,367000.0,82.76920980926431,58.39855749493312,60.85026559191711,47.35777433694623,921.0,12136.0,1.0,0.0,5.0,3.0,3.0,2.0,0.0,0.0,1.0
368000.0,6.206863628,5.933767543385859E-7,368000.0,82.78152173913044,58.44684454492069,60.87192787452144,47.39437613635421,1921.0,12224.0,0.0,0.0,5.0,3.0,3.0,2.0,0.0,0.0,1.0
369000.0,6.221614905,5.947784473418401E-7,369000.0,82.77154471544715,58.41977064114792,60.84393747151358,47.366373029540334,777.0,4560.0,2.0,0.0,1.0,1.0,1.0,0.0,0.0,0.0,1.0
370000.0,6.236945893,5.96232750662296E-7,370000.0,82.76675675675675,58.40672150395933,60.83377866229323,47.35508054062533,337.0,4560.0,1.0,0.0,1.0,1.0,1.0,0.0,0.0,0.0,1.0
371000.0,6.251328539,5.976169778614407E-7,371000.0,82.77277628032344,58.41290957265246,60.84482019236659,47.365517014197714,1337.0,8392.0,0.0,0.0,3.0,2.0,2.0,1.0,0.0,0.0,1.0
372000.0,6.266303209,5.990367369217384E-7,372000.0,82.77446236559139,58.41830555666792,60.84578816800889,47.36794552727332,257.0,4560.0,2.0,0.0,1.0,1.0,1.0,0.0,0.0,0.0,1.0
373000.0,6.281215901,6.004511753450623E-7,373000.0,82.7520107238606,58.35173461930149,60.79405222584479,47.293610676453966,233.0,4560.0,3.0,0.0,1.0,1.0,1.0,0.0,0.0,0.0,1.0
374000.0,6.296152505,6.019057809650442E-7,374000.0,82.75828877005348,58.37309077809988,60.80762404881725,47.3191454597443,1233.0,12832.0,0.0,0.0,5.0,3.0,3.0,2.0,0.0,0.0,1.0
375000.0,6.310914929,6.033068833469392E-7,375000.0,82.74346666666666,58.324736598799895,60.768717793270675,47.267289780552005,313.0,4560.0,2.0,0.0,1.0,1.0,1.0,0.0,0.0,0.0,1.0
376000.0,6.325563546,6.046970023997438E-7,376000.0,82.73723404255318,58.30386525430845,60.757901864525635,47.24985371562315,417.0,4560.0,2.0,0.0,1.0,1.0,1.0,0.0,0.0,0.0,1.0
377000.0,6.340587441,6.061214285171279E-7,377000.0,82.7238726790451,58.26242739071736,60.71926131874628,47.19950062017138,201.0,4560.0,3.0,0.0,1.0,1.0,1.0,0.0,0.0,0.0,1.0
378000.0,6.354903228,6.074977988682376E-7,378000.0,82.71587301587302,58.23624323455707,60.703717069649954,47.1758218657525,1201.0,8392.0,0.0,0.0,3.0,2.0,2.0,1.0,0.0,0.0,1.0
379000.0,6.37060242,6.089870301594026E-7,379000.0,82.70817941952507,58.22098238952576,60.68437597485181,47.158188400538606,217.0,4560.0,3.0,0.0,1.0,1.0,1.0,0.0,0.0,0.0,1.0
380000.0,6.385428948,6.104258222742564E-7,380000.0,82.7071052631579,58.21740569550934,60.68174067049201,47.15905435831458,1217.0,12224.0,0.0,0.0,5.0,3.0,3.0,2.0,0.0,0.0,1.0
381000.0,6.399306082,6.117454865567033E-7,381000.0,82.71889763779528,58.2679058526908,60.71398737424967,47.2034448747865,9.0,4512.0,1.0,0.0,1.0,1.0,1.0,0.0,0.0,0.0,1.0
382000.0,6.41380692,6.131208614680604E-7,382000.0,82.7062827225131,58.22852954902991,60.68112560708505,47.16477118223843,689.0,4560.0,2.0,0.0,1.0,1.0,1.0,0.0,0.0,0.0,1.0
383000.0,6.42949325,6.146080935166009E-7,383000.0,82.70391644908615,58.21652665629256,60.67204939444311,47.14729090372354,185.0,4560.0,2.0,0.0,1.0,1.0,1.0,0.0,0.0,0.0,1.0
384000.0,6.443715855,6.159593745397402E-7,384000.0,82.69427083333333,58.18033420509005,60.64364058465404,47.10676706092108,449.0,4560.0,1.0,0.0,1.0,1.0,1.0,0.0,0.0,0.0,1.0
385000.0,6.459165077,6.17424669765569E-7,385000.0,82.69688311688311,58.19044932982565,60.656154027876205,47.126847310189355,41.0,4552.0,1.0,0.0,1.0,1.0,1.0,0.0,0.0,0.0,1.0
386000.0,6.474025481,6.188526633953674E-7,386000.0,82.69093264248704,58.17136481100958,60.64267200754006,47.11609241801819,945.0,8392.0,1.0,0.0,3.0,2.0,2.0,1.0,0.0,0.0,1.0
387000.0,6.489157212,6.202872822035102E-7,387000.0,82.6906976744186,58.17792230246628,60.64195441806355,47.11608298860012,57.0,4552.0,2.0,0.0,1.0,1.0,1.0,0.0,0.0,0.0,1.0
388000.0,6.50342442,6.216433324253805E-7,388000.0,82.68453608247422,58.15531583977446,60.624300358099426,47.09463024356439,673.0,4560.0,1.0,0.0,1.0,1.0,1.0,0.0,0.0,0.0,1.0
389000.0,6.518921846,6.231136165588388E-7,389000.0,82.68457583547558,58.151620275189785,60.616390298664555,47.08216143173641,137.0,4560.0,1.0,0.0,1.0,1.0,1.0,0.0,0.0,0.0,1.0
390000.0,6.533330706,6.244985774291594E-7,390000.0,82.68820512820513,58.15948682025734,60.62908558666255,47.09938258062494,1137.0,8392.0,0.0,0.0,3.0,2.0,2.0,1.0,0.0,0.0,1.0
391000.0,6.549182453,6.260032971581815E-7,391000.0,82.68644501278773,58.15259507399816,60.632934211827106,47.09596748984058,25.0,4520.0,3.0,0.0,1.0,1.0,1.0,0.0,0.0,0.0,1.0
392000.0,6.563554897,6.27381902221913E-7,392000.0,82.68903061224489,58.15163275065838,60.63908771359961,47.10169782198594,1025.0,8344.0,0.0,0.0,3.0,2.0,2.0,1.0,0.0,0.0,1.0
393000.0,6.577992246,6.287528688305842E-7,393000.0,82.69312977099237,58.17175410957385,60.65368929511469,47.11535471029143,73.0,4560.0,1.0,0.0,1.0,1.0,1.0,0.0,0.0,0.0,1.0
394000.0,6.592357601,6.301367697721201E-7,394000.0,82.69390862944162,58.165441713913445,60.65163196528324,47.115168343248044,1073.0,8368.0,0.0,0.0,3.0,2.0,2.0,1.0,0.0,0.0,1.0
395000.0,6.606600855,6.314910738492694E-7,395000.0,82.68759493670886,58.14394974097309,60.63731810646529,47.09864079772873,985.0,4560.0,1.0,0.0,1.0,1.0,1.0,0.0,0.0,0.0,1.0
396000.0,6.623328008,6.330769870630319E-7,396000.0,82.68333333333334,58.140028342362726,60.62947822891787,47.096127140873314,257.0,4560.0,4.0,0.0,1.0,1.0,1.0,0.0,0.0,0.0,1.0
397000.0,6.637487162,6.344222396453758E-7,397000.0,82.68110831234256,58.126803122167836,60.62513243117873,47.085940325845186,969.0,4560.0,1.0,0.0,1.0,1.0,1.0,0.0,0.0,0.0,1.0
398000.0,6.652494356,6.358473185752993E-7,398000.0,82.68718592964824,58.15474384724762,60.646852547774344,47.11453592343294,17.0,4416.0,1.0,0.0,1.0,1.0,1.0,0.0,0.0,0.0,1.0
399000.0,6.666826062,6.372057618319614E-7,399000.0,82.67117794486215,58.105943176263594,60.607338195077475,47.06305699323185,441.0,4560.0,2.0,0.0,1.0,1.0,1.0,0.0,0.0,0.0,1.0
400000.0,6.681631,6.386467484694055E-7,400000.0,82.678,58.12270351035821,60.62376395171739,47.08416068428287,1441.0,12864.0,0.0,0.0,5.0,3.0,3.0,2.0,0.0,0.0,1.0
401000.0,6.697562362,6.401613666016566E-7,401000.0,82.62493765586035,58.077799447783285,60.511445752404505,47.04335400705341,937.0,4560.0,1.0,0.0,1.0,1.0,1.0,0.0,0.0,0.0,1.0
402000.0,6.712822956,6.416120243282615E-7,402000.0,82.5820895522388,58.04990397226374,60.423684745992624,47.028785414381346,1937.0,4560.0,0.0,0.0,1.0,1.0,1.0,0.0,0.0,0.0,1.0
403000.0,6.728146501,6.430926099585617E-7,403000.0,82.53424317617866,58.03560940999331,60.32366983647401,47.00771692076039,2937.0,9088.0,0.0,0.0,3.0,2.0,2.0,1.0,0.0,0.0,1.0
404000.0,6.742463111,6.444674298002114E-7,404000.0,82.49851485148515,58.0267518874947,60.247378629859725,47.01765428768396,3937.0,9104.0,0.0,0.0,3.0,2.0,2.0,1.0,0.0,0.0,1.0
405000.0,6.757639957,6.459659422457838E-7,405000.0,82.45580246913579,57.99087408007887,60.15499702791516,46.995591295979935,4937.0,17984.0,0.0,0.0,7.0,4.0,4.0,2.0,0.0,0.0,1.0
406000.0,6.772599701,6.473876299248097E-7,406000.0,82.41157635467981,57.960111922369805,60.05984674758097,46.97167723633988,817.0,4560.0,2.0,0.0,1.0,1.0,1.0,0.0,0.0,0.0,1.0
407000.0,6.786512014,6.487111578745083E-7,407000.0,82.36535626535625,57.92141514510397,59.95905137546094,46.94289410460171,1817.0,4560.0,0.0,0.0,1.0,1.0,1.0,0.0,0.0,0.0,1.0
408000.0,6.800829212,6.50095575349101E-7,408000.0,82.30980392156863,57.8633709126818,59.840867992766725,46.87902495749645,2817.0,9088.0,0.0,0.0,3.0,2.0,2.0,1.0,0.0,0.0,1.0
409000.0,6.814668174,6.514263884716624E-7,409000.0,82.26601466992665,57.82282930035488,59.75877010480295,46.8489858131082,3817.0,9096.0,0.0,0.0,3.0,2.0,2.0,1.0,0.0,0.0,1.0
410000.0,6.829562646,6.52845942067096E-7,410000.0,82.22365853658536,57.79810625363903,59.66562809565183,46.83681880183525,785.0,4560.0,1.0,0.0,1.0,1.0,1.0,0.0,0.0,0.0,1.0
411000.0,6.843477996,6.541775347451885E-7,411000.0,82.17931873479318,57.76929882840233,59.56954702524866,46.82054484200743,1785.0,4560.0,0.0,0.0,1.0,1.0,1.0,0.0,0.0,0.0,1.0
412000.0,6.857332201,6.554960507829775E-7,412000.0,82.1378640776699,57.74441215051071,59.47956413771838,46.80391207234295,2785.0,4560.0,0.0,0.0,1.0,1.0,1.0,0.0,0.0,0.0,1.0
413000.0,6.871623538,6.568786183027715E-7,413000.0,82.09249394673124,57.7113472322054,59.384490342846796,46.777106916428586,3785.0,9072.0,0.0,0.0,3.0,2.0,2.0,1.0,0.0,0.0,1.0
414000.0,6.885933452,6.582710681274035E-7,414000.0,82.0524154589372,57.6717814109346,59.30096895934096,46.761007415899414,4785.0,13632.0,0.0,0.0,5.0,3.0,3.0,2.0,0.0,0.0,1.0
415000.0,6.900211935,6.596287219151128E-7,415000.0,82.02240963855422,57.64872309000136,59.23938875746434,46.7769550143389,345.0,4560.0,1.0,0.0,1.0,1.0,1.0,0.0,0.0,0.0,1.0
416000.0,6.914570882,6.609915302752577E-7,416000.0,81.98221153846154,57.621192733498575,59.15424647829759,46.76827146377665,129.0,4560.0,1.0,0.0,1.0,1.0,1.0,0.0,0.0,0.0,1.0
417000.0,6.928145021,6.622838978785088E-7,417000.0,81.93357314148682,57.57505749199997,59.05286271781549,46.72441835796621,1129.0,4560.0,0.0,0.0,1.0,1.0,1.0,0.0,0.0,0.0,1.0
418000.0,6.941983894,6.6360679752349E-7,418000.0,81.8933014354067,57.5439954462851,58.969994307863274,46.71425956434194,2129.0,4560.0,0.0,0.0,1.0,1.0,1.0,0.0,0.0,0.0,1.0
419000.0,6.956342148,6.649885880186573E-7,419000.0,81.85131264916467,57.50373055426965,58.87922736662231,46.69335165297366,3129.0,9088.0,0.0,0.0,3.0,2.0,2.0,1.0,0.0,0.0,1.0
420000.0,6.970829346,6.664031159846649E-7,420000.0,81.81119047619048,57.46635357302211,58.79979937331126,46.67118095065237,4129.0,13000.0,0.0,0.0,5.0,3.0,3.0,2.0,0.0,0.0,1.0
421000.0,6.985606987,6.678052956060877E-7,421000.0,81.78052256532067,57.44438437754151,58.73932899769233,46.6822371439296,137.0,4560.0,1.0,0.0,1.0,1.0,1.0,0.0,0.0,0.0,1.0
422000.0,6.999012293,6.690824212558586E-7,422000.0,81.73815165876778,57.418079520061426,58.64946075012074,46.66043743078629,1137.0,4560.0,0.0,0.0,1.0,1.0,1.0,0.0,0.0,0.0,1.0
423000.0,7.012890354,6.704099286634887E-7,423000.0,81.69929078014184,57.38639126785194,58.56886724290187,46.65031046911503,2137.0,4560.0,0.0,0.0,1.0,1.0,1.0,0.0,0.0,0.0,1.0
424000.0,7.02735708,6.718025773081596E-7,424000.0,81.65400943396226,57.3494190294616,58.47506486019025,46.61922440828706,3137.0,9104.0,0.0,0.0,3.0,2.0,2.0,1.0,0.0,0.0,1.0
425000.0,7.041434424,6.731633356791154E-7,425000.0,81.616,57.32391513105647,58.39683072155397,46.6078066914498,4137.0,9104.0,0.0,0.0,3.0,2.0,2.0,1.0,0.0,0.0,1.0
426000.0,7.056211971,6.746181409218326E-7,426000.0,81.58333333333333,57.2906412429337,58.33311204465428,46.607458826731985,5137.0,18016.0,0.0,0.0,7.0,4.0,4.0,2.0,0.0,0.0,1.0
427000.0,7.07074053,6.76001737833828E-7,427000.0,81.54964871194379,57.2610170653362,58.26375791994235,46.60408688874579,729.0,4560.0,1.0,0.0,1.0,1.0,1.0,0.0,0.0,0.0,1.0
428000.0,7.084696273,6.773361560295273E-7,428000.0,81.51939252336449,57.24841720931578,58.19817248796368,46.61559747578713,1729.0,4560.0,0.0,0.0,1.0,1.0,1.0,0.0,0.0,0.0,1.0
429000.0,7.099649187,6.787564519055228E-7,429000.0,81.47668997668998,57.20888699902725,58.10553619536163,46.59287188069171,201.0,4560.0,1.0,0.0,1.0,1.0,1.0,0.0,0.0,0.0,1.0
430000.0,7.113272247,6.800556763431718E-7,430000.0,81.42883720930233,57.161556208505296,58.00368130423351,46.55601659751039,1201.0,4560.0,0.0,0.0,1.0,1.0,1.0,0.0,0.0,0.0,1.0
431000.0,7.126592616,6.813210710669783E-7,431000.0,81.38515081206496,57.137456982810484,57.90859822988421,46.52866178362202,2201.0,4560.0,0.0,0.0,1.0,1.0,1.0,0.0,0.0,0.0,1.0
432000.0,7.14092928,6.827054421974944E-7,432000.0,81.34143518518519,57.10468916750286,57.814331770222736,46.504420080172025,3201.0,9096.0,0.0,0.0,3.0,2.0,2.0,1.0,0.0,0.0,1.0
433000.0,7.155039276,6.840735619153804E-7,433000.0,81.3013856812933,57.06667194271407,57.72879391449172,46.48498949066056,4201.0,9104.0,0.0,0.0,3.0,2.0,2.0,1.0,0.0,0.0,1.0
434000.0,7.170831034,6.855721623411462E-7,434000.0,81.263133640553,57.03665811806026,57.65172740623471,46.46997254971662,49.0,4560.0,2.0,0.0,1.0,1.0,1.0,0.0,0.0,0.0,1.0
435000.0,7.184456351,6.868704176683308E-7,435000.0,81.22252873563218,57.00725341601483,57.56029636403313,46.4531312482382,1049.0,4560.0,0.0,0.0,1.0,1.0,1.0,0.0,0.0,0.0,1.0
436000.0,7.198307453,6.881877784014699E-7,436000.0,81.18784403669724,56.98528131348377,57.485992111005714,46.44750587620788,2049.0,4560.0,0.0,0.0,1.0,1.0,1.0,0.0,0.0,0.0,1.0
437000.0,7.212366336,6.895471014328299E-7,437000.0,81.14782608695651,56.96214168891463,57.39985211154719,46.43328543469639,3049.0,9104.0,0.0,0.0,3.0,2.0,2.0,1.0,0.0,0.0,1.0
438000.0,7.226301995,6.909017493730016E-7,438000.0,81.10251141552511,56.93022960282937,57.30482552291542,46.39600549180115,4049.0,13584.0,0.0,0.0,5.0,3.0,3.0,2.0,0.0,0.0,1.0
439000.0,7.240472529,6.923014004085646E-7,439000.0,81.06742596810935,56.894250596731574,57.23026413968064,46.38947836912142,5049.0,18120.0,0.0,0.0,7.0,4.0,4.0,2.0,0.0,0.0,1.0
440000.0,7.255209172,6.936995069317601E-7,440000.0,81.03272727272727,56.86615984417013,57.15657133469888,46.38433468674512,129.0,4560.0,2.0,0.0,1.0,1.0,1.0,0.0,0.0,0.0,1.0
441000.0,7.269082312,6.950186191279523E-7,441000.0,80.98979591836735,56.8206454535288,57.06845695323541,46.345943385962336,1129.0,4560.0,0.0,0.0,1.0,1.0,1.0,0.0,0.0,0.0,1.0
442000.0,7.282955954,6.963431196684679E-7,442000.0,80.95158371040723,56.786636100426804,56.98374257891133,46.333938872422465,2129.0,4560.0,0.0,0.0,1.0,1.0,1.0,0.0,0.0,0.0,1.0
443000.0,7.297497583,6.977403004043775E-7,443000.0,80.91422121896163,56.75450046513021,56.91039094073458,46.31916447096918,3129.0,9064.0,0.0,0.0,3.0,2.0,2.0,1.0,0.0,0.0,1.0
444000.0,7.311451285,6.990865080885566E-7,444000.0,80.87387387387388,56.71143053528771,56.82721735859031,46.29429361058935,4129.0,9104.0,0.0,0.0,3.0,2.0,2.0,1.0,0.0,0.0,1.0
445000.0,7.326478567,7.005753535608925E-7,445000.0,80.8458426966292,56.68790680213488,56.77139596804868,46.29991305772211,5129.0,17568.0,0.0,0.0,7.0,4.0,4.0,2.0,0.0,0.0,1.0
446000.0,7.341375184,7.020601939820103E-7,446000.0,80.8145739910314,56.6489423743027,56.70869296852076,46.300793874925475,6129.0,21928.0,0.0,0.0,9.0,5.0,5.0,3.0,0.0,0.0,1.0
447000.0,7.35652427,7.035074002637029E-7,447000.0,80.77964205816555,56.620868548936656,56.640339145575204,46.287011103331,473.0,4560.0,1.0,0.0,1.0,1.0,1.0,0.0,0.0,0.0,1.0
448000.0,7.370867706,7.048696270317976E-7,448000.0,80.73660714285714,56.58509755741948,56.54603954662867,46.25530907868023,993.0,4560.0,1.0,0.0,1.0,1.0,1.0,0.0,0.0,0.0,1.0
449000.0,7.384370945,7.061574242004378E-7,449000.0,80.69710467706014,56.56257210711504,56.458832572229525,46.235825413761454,1993.0,4560.0,0.0,0.0,1.0,1.0,1.0,0.0,0.0,0.0,1.0
450000.0,7.399227809,7.07597561285359E-7,450000.0,80.66133333333333,56.52690243269595,56.38769169088904,46.215080346106284,2993.0,9096.0,0.0,0.0,3.0,2.0,2.0,1.0,0.0,0.0,1.0
451000.0,7.413657395,7.089706576228885E-7,451000.0,80.6310421286031,56.513761754336514,56.318413433410505,46.2258227349396,569.0,4560.0,1.0,0.0,1.0,1.0,1.0,0.0,0.0,0.0,1.0
452000.0,7.427714304,7.103067196308344E-7,452000.0,80.5849557522124,56.46983209035871,56.21591685833888,46.179793197345674,257.0,4560.0,1.0,0.0,1.0,1.0,1.0,0.0,0.0,0.0,1.0
453000.0,7.441856936,7.116505780860718E-7,453000.0,80.54878587196468,56.43382540643152,56.140804969587165,46.161319296358975,1257.0,4560.0,0.0,0.0,1.0,1.0,1.0,0.0,0.0,0.0,1.0
454000.0,7.463409012,7.14181827495249E-7,454000.0,80.50859030837005,56.38525019238243,56.059011053399935,46.133383654536814,2257.0,89640.0,0.0,0.0,23.0,21.0,21.0,2.0,0.0,0.0,1.0
455000.0,7.481783159,7.163334467479087E-7,455000.0,80.46813186813186,56.34196678668071,55.97465582752488,46.10771180633463,3257.0,89992.0,0.0,0.0,23.0,21.0,21.0,2.0,0.0,0.0,1.0
456000.0,7.500206887,7.184982691450414E-7,456000.0,80.42258771929825,56.28887463880429,55.874909795470494,46.06936381265366,4257.0,90056.0,0.0,0.0,23.0,21.0,21.0,2.0,0.0,0.0,1.0
457000.0,7.518659235,7.206738249389493E-7,457000.0,80.38336980306346,56.24472305584982,55.78854964467305,46.03711573536227,5257.0,90064.0,0.0,0.0,23.0,21.0,21.0,2.0,0.0,0.0,1.0
458000.0,7.536457606,7.227621093667296E-7,458000.0,80.35021834061136,56.216335243405965,55.71520659774336,46.03359258348675,6257.0,90064.0,0.0,0.0,23.0,21.0,21.0,2.0,0.0,0.0,1.0
459000.0,7.553991105,7.2482606580151E-7,459000.0,80.3152505446623,56.18342262011906,55.639075595182575,46.02020515822993,7257.0,90064.0,0.0,0.0,23.0,21.0,21.0,2.0,0.0,0.0,1.0
460000.0,7.571103786,7.268313481733737E-7,460000.0,80.28195652173913,56.15248879382769,55.569325724362585,46.00626235207276,8257.0,90064.0,0.0,0.0,23.0,21.0,21.0,2.0,0.0,0.0,1.0
461000.0,7.587380804,7.287452082486198E-7,461000.0,80.2475054229935,56.12010350530494,55.49631005327208,45.996548390731654,9257.0,90072.0,0.0,0.0,23.0,21.0,21.0,2.0,0.0,0.0,1.0
462000.0,7.603566065,7.306545099512545E-7,462000.0,80.21125541125541,56.080566518442296,55.42141063461492,45.97552400030728,10257.0,90072.0,0.0,0.0,23.0,21.0,21.0,2.0,0.0,0.0,1.0
463000.0,7.619656365,7.325424195596302E-7,463000.0,80.1730021598272,56.03715716312093,55.34329607036182,45.951308546027256,11257.0,90072.0,0.0,0.0,23.0,21.0,21.0,2.0,0.0,0.0,1.0
464000.0,7.635707871,7.344319563579906E-7,464000.0,80.1415948275862,56.01066816615503,55.2792890735339,45.948308226570916,12257.0,90072.0,0.0,0.0,23.0,21.0,21.0,2.0,0.0,0.0,1.0
465000.0,7.65143642,7.36275663138851E-7,465000.0,80.11010752688172,55.984562842367225,55.20945324228778,45.94727275915072,13257.0,90072.0,0.0,0.0,23.0,21.0,21.0,2.0,0.0,0.0,1.0
466000.0,7.66709335,7.381170017949693E-7,466000.0,80.0744635193133,55.9479133951797,55.13415830341567,45.93082163861874,14257.0,90072.0,0.0,0.0,23.0,21.0,21.0,2.0,0.0,0.0,1.0
467000.0,7.682885766,7.399803535667346E-7,467000.0,80.03982869379016,55.911210838819215,55.062214058786374,45.90990593683086,15257.0,90072.0,0.0,0.0,23.0,21.0,21.0,2.0,0.0,0.0,1.0
468000.0,7.698705577,7.418382941189051E-7,468000.0,80.00705128205128,55.87800316536081,54.995526824622665,45.895326043588106,16257.0,90072.0,0.0,0.0,23.0,21.0,21.0,2.0,0.0,0.0,1.0
469000.0,7.714831534,7.437385975357347E-7,469000.0,79.97782515991472,55.85113287844343,54.93401161395596,45.89287360560525,17257.0,90072.0,0.0,0.0,23.0,21.0,21.0,2.0,0.0,0.0,1.0
470000.0,7.730655229,7.455942760888689E-7,470000.0,79.94085106382978,55.80885447845012,54.857862454332604,45.866708008199396,18257.0,90080.0,0.0,0.0,23.0,21.0,21.0,2.0,0.0,0.0,1.0
471000.0,7.747083451,7.475431527782434E-7,471000.0,79.9140127388535,55.78962445410852,54.798035299626356,45.87566936701908,19257.0,93816.0,0.0,0.0,25.0,22.0,22.0,2.0,0.0,0.0,1.0
472000.0,7.764237183,7.49170007269353E-7,472000.0,79.88220338983051,55.758578617354146,54.73155290281366,45.861935277885465,65.0,4544.0,2.0,0.0,1.0,1.0,1.0,0.0,0.0,0.0,1.0
473000.0,7.77787947,7.504693148587784E-7,473000.0,79.84799154334038,55.72384717021266,54.66354020014459,45.83778439439052,1065.0,4560.0,0.0,0.0,1.0,1.0,1.0,0.0,0.0,0.0,1.0
474000.0,7.791906637,7.518077174549793E-7,474000.0,79.80780590717299,55.67923288532414,54.5777689190087,45.81087507926441,977.0,4560.0,1.0,0.0,1.0,1.0,1.0,0.0,0.0,0.0,1.0
475000.0,7.80542208,7.530946086117889E-7,475000.0,79.77936842105264,55.66531405931726,54.51562033840515,45.81854900124668,1977.0,4560.0,0.0,0.0,1.0,1.0,1.0,0.0,0.0,0.0,1.0
476000.0,7.819923635,7.544981132177527E-7,476000.0,79.74306722689076,55.620827453381374,54.44374624982872,45.79109814305711,2977.0,9104.0,0.0,0.0,3.0,2.0,2.0,1.0,0.0,0.0,1.0
477000.0,7.833894128,7.558410255627969E-7,477000.0,79.7146750524109,55.595687372802374,54.38577469370052,45.79701539357816,3977.0,9104.0,0.0,0.0,3.0,2.0,2.0,1.0,0.0,0.0,1.0
478000.0,7.849835618,7.573539671710645E-7,478000.0,79.68556485355649,55.569164201991406,54.32617908664589,45.788251320358654,145.0,4560.0,2.0,0.0,1.0,1.0,1.0,0.0,0.0,0.0,1.0
479000.0,7.863727534,7.586777397413649E-7,479000.0,79.64926931106471,55.53522158498634,54.25471507745445,45.76339084520756,1145.0,4560.0,0.0,0.0,1.0,1.0,1.0,0.0,0.0,0.0,1.0
480000.0,7.877929577,7.600296537328216E-7,480000.0,79.62041666666667,55.50978480354157,54.19567813077987,45.766526955403286,2145.0,4560.0,0.0,0.0,1.0,1.0,1.0,0.0,0.0,0.0,1.0
481000.0,7.89357574,7.615616172209707E-7,481000.0,79.5902286902287,55.47616282030048,54.13234531446379,45.763376702301045,3145.0,13496.0,0.0,0.0,5.0,3.0,3.0,2.0,0.0,0.0,1.0
482000.0,7.908481345,7.630129263555956E-7,482000.0,79.5603734439834,55.43199186146752,54.07039627039626,45.75273524180803,4145.0,13640.0,0.0,0.0,5.0,3.0,3.0,2.0,0.0,0.0,1.0
483000.0,7.924014608,7.645493306666234E-7,483000.0,79.5360248447205,55.399259842784275,54.022523339706105,45.75673094864394,5145.0,18096.0,0.0,0.0,7.0,4.0,4.0,2.0,0.0,0.0,1.0
484000.0,7.939044202,7.660417956844297E-7,484000.0,79.5090909090909,55.36942591010423,53.963059412237094,45.763675837667265,6145.0,18120.0,0.0,0.0,7.0,4.0,4.0,2.0,0.0,0.0,1.0
485000.0,7.954775048,7.675358528583449E-7,485000.0,79.49030927835051,55.351225936648355,53.928311726808296,45.77379946467218,9.0,4496.0,1.0,0.0,1.0,1.0,1.0,0.0,0.0,0.0,1.0
486000.0,7.969840275,7.689686251212588E-7,486000.0,79.45617283950618,55.311108328780826,53.86843843996472,45.749883178839625,369.0,4560.0,1.0,0.0,1.0,1.0,1.0,0.0,0.0,0.0,1.0
487000.0,7.983965318,7.703112799702413E-7,487000.0,79.42381930184806,55.27587497188969,53.801468859351885,45.738096398459966,1369.0,4560.0,0.0,0.0,1.0,1.0,1.0,0.0,0.0,0.0,1.0
488000.0,7.997868772,7.71638223782533E-7,488000.0,79.39118852459016,55.24025402799245,53.732592964038105,45.72179525927204,2369.0,4560.0,0.0,0.0,1.0,1.0,1.0,0.0,0.0,0.0,1.0
489000.0,8.012278746,7.730232022601898E-7,489000.0,79.36584867075665,55.21543570795878,53.684756514594426,45.728224270915135,3369.0,9104.0,0.0,0.0,3.0,2.0,2.0,1.0,0.0,0.0,1.0
490000.0,8.027279804,7.744504305895163E-7,490000.0,79.32877551020408,55.169744580625235,53.61269492340456,45.69798798042128,145.0,4560.0,2.0,0.0,1.0,1.0,1.0,0.0,0.0,0.0,1.0
491000.0,8.041161697,7.757765232847149E-7,491000.0,79.29572301425661,55.12807105980991,53.54624674986403,45.684487235656796,1145.0,4560.0,0.0,0.0,1.0,1.0,1.0,0.0,0.0,0.0,1.0
492000.0,8.054449202,7.770410510195289E-7,492000.0,79.26483739837398,55.10706747230747,53.4804080273964,45.67929501344481,2145.0,4560.0,0.0,0.0,1.0,1.0,1.0,0.0,0.0,0.0,1.0
493000.0,8.069452939,7.784685342338572E-7,493000.0,79.23488843813388,55.07132272926224,53.418150049142746,45.66472761241561,873.0,4560.0,2.0,0.0,1.0,1.0,1.0,0.0,0.0,0.0,1.0
494000.0,8.083318026,7.797854459562684E-7,494000.0,79.19919028340081,55.02074070465702,53.347438004521976,45.62771845533533,1873.0,4560.0,0.0,0.0,1.0,1.0,1.0,0.0,0.0,0.0,1.0
495000.0,8.097579172,7.811623183436726E-7,495000.0,79.17111111111112,54.98954964984606,53.292743144742985,45.618199176121244,2873.0,9104.0,0.0,0.0,3.0,2.0,2.0,1.0,0.0,0.0,1.0
496000.0,8.112215462,7.825512070106791E-7,496000.0,79.14213709677419,54.960325522149326,53.2315885121176,45.6129744506361,193.0,4560.0,2.0,0.0,1.0,1.0,1.0,0.0,0.0,0.0,1.0
497000.0,8.125234168,7.83790315698637E-7,497000.0,79.11388329979879,54.945517477723214,53.168451731076374,45.61562521284009,1193.0,4560.0,0.0,0.0,1.0,1.0,1.0,0.0,0.0,0.0,1.0
498000.0,8.139048453,7.851104646407496E-7,498000.0,79.08574297188756,54.91940109518131,53.10958040698722,45.607749954304516,2193.0,4560.0,0.0,0.0,1.0,1.0,1.0,0.0,0.0,0.0,1.0
499000.0,8.153585002,7.865097746713887E-7,499000.0,79.050501002004,54.877325017207156,53.04511869202955,45.57551840648898,3193.0,9104.0,0.0,0.0,3.0,2.0,2.0,1.0,0.0,0.0,1.0
500000.0,8.168097701,7.879291953966242E-7,500000.0,79.0248,54.85333489700116,52.99127293264424,45.576918087231775,4193.0,13560.0,0.0,0.0,5.0,3.0,3.0,2.0,0.0,0.0,1.0
501000.0,8.183011556,7.893460899288986E-7,501000.0,78.99780439121756,54.82388588006837,52.9362037115726,45.57778444414561,297.0,4560.0,1.0,0.0,1.0,1.0,1.0,0.0,0.0,0.0,1.0
502000.0,8.196803443,7.906596455997034E-7,502000.0,78.97330677290837,54.79932792358772,52.882306202069444,45.58286763037964,1297.0,4560.0,0.0,0.0,1.0,1.0,1.0,0.0,0.0,0.0,1.0
503000.0,8.210603824,7.919793226597698E-7,503000.0,78.94731610337972,54.770069694433474,52.83199558140983,45.58408657626038,2297.0,4560.0,0.0,0.0,1.0,1.0,1.0,0.0,0.0,0.0,1.0
504000.0,8.225702531,7.934481835584376E-7,504000.0,78.92460317460316,54.74895634594884,52.79069147281308,45.58513145222432,3297.0,12936.0,0.0,0.0,5.0,3.0,3.0,2.0,0.0,0.0,1.0
505000.0,8.23973001,7.948208148553649E-7,505000.0,78.90039603960396,54.720981650107724,52.742247374396825,45.58680842806221,4297.0,13600.0,0.0,0.0,5.0,3.0,3.0,2.0,0.0,0.0,1.0
506000.0,8.25411161,7.962366700660532E-7,506000.0,78.87411067193676,54.68642742214047,52.69248811747108,45.57899667050187,5297.0,18184.0,0.0,0.0,7.0,4.0,4.0,2.0,0.0,0.0,1.0
507000.0,8.268612084,7.976846052812549E-7,507000.0,78.8542406311637,54.665941165188755,52.65352087795614,45.59548155628518,6297.0,22104.0,0.0,0.0,9.0,5.0,5.0,3.0,0.0,0.0,1.0
508000.0,8.282791208,7.991059692021886E-7,508000.0,78.83956692913385,54.65818278584068,52.62993222460185,45.61786043123247,7297.0,22120.0,0.0,0.0,9.0,5.0,5.0,3.0,0.0,0.0,1.0
509000.0,8.297875355,8.005384804403402E-7,509000.0,78.81335952848723,54.62614483335094,52.58446332154979,45.60650462274094,169.0,4560.0,2.0,0.0,1.0,1.0,1.0,0.0,0.0,0.0,1.0
510000.0,8.311149163,8.018041771165481E-7,510000.0,78.78470588235295,54.6007632674882,52.5255804973937,45.59497171590195,1169.0,4560.0,0.0,0.0,1.0,1.0,1.0,0.0,0.0,0.0,1.0
511000.0,8.324966646,8.031167389717174E-7,511000.0,78.75968688845401,54.57272169652523,52.48044061696885,45.58980554539029,2169.0,4560.0,0.0,0.0,1.0,1.0,1.0,0.0,0.0,0.0,1.0
512000.0,8.33930913,8.045016424074244E-7,512000.0,78.731640625,54.53691722798273,52.4287155919216,45.56960127161215,3169.0,9104.0,0.0,0.0,3.0,2.0,2.0,1.0,0.0,0.0,1.0
513000.0,8.353108569,8.058395930805278E-7,513000.0,78.70682261208577,54.5078157184101,52.38107693380763,45.56752608656654,4169.0,9104.0,0.0,0.0,3.0,2.0,2.0,1.0,0.0,0.0,1.0
514000.0,8.36801045,8.073083348891587E-7,514000.0,78.6828793774319,54.48002513290231,52.3333057811691,45.564476063671215,5169.0,17560.0,0.0,0.0,7.0,4.0,4.0,2.0,0.0,0.0,1.0
515000.0,8.382978275,8.087313791121866E-7,515000.0,78.6652427184466,54.460240861745945,52.29962403730105,45.58025963219598,57.0,4536.0,1.0,0.0,1.0,1.0,1.0,0.0,0.0,0.0,1.0
516000.0,8.396866596,8.100499802292938E-7,516000.0,78.63178294573643,54.42114581564507,52.23241749196366,45.554650272819316,417.0,4560.0,1.0,0.0,1.0,1.0,1.0,0.0,0.0,0.0,1.0
517000.0,8.410664483,8.11365478044135E-7,517000.0,78.60309477756286,54.385003977998004,52.17690162765061,45.54449596833742,1417.0,4560.0,0.0,0.0,1.0,1.0,1.0,0.0,0.0,0.0,1.0
518000.0,8.424498988,8.126897925849355E-7,518000.0,78.57200772200773,54.34431307494094,52.115392082001364,45.52267741191367,2417.0,4560.0,0.0,0.0,1.0,1.0,1.0,0.0,0.0,0.0,1.0
519000.0,8.444658156,8.150537761640149E-7,519000.0,78.53911368015414,54.29855748544408,52.04405426700364,45.49262759184312,3417.0,89672.0,0.0,0.0,23.0,21.0,21.0,2.0,0.0,0.0,1.0
520000.0,8.461153747,8.170146391306148E-7,520000.0,78.50557692307693,54.24901108523955,51.96983369859481,45.46425957550622,4417.0,94368.0,0.0,0.0,25.0,22.0,22.0,2.0,0.0,0.0,1.0
521000.0,8.477176722,8.189117937129688E-7,521000.0,78.47216890595008,54.19891148363799,51.90270761683403,45.43605909796308,5417.0,94520.0,0.0,0.0,25.0,22.0,22.0,2.0,0.0,0.0,1.0
522000.0,8.493198348,8.208149892007636E-7,522000.0,78.44099616858237,54.15483680018536,51.8397425473095,45.41044758019529,6417.0,94528.0,0.0,0.0,25.0,22.0,22.0,2.0,0.0,0.0,1.0
523000.0,8.509299784,8.227340633872063E-7,523000.0,78.41931166347992,54.128876322403364,51.793226868718776,45.40841991216359,7417.0,94576.0,0.0,0.0,25.0,22.0,22.0,2.0,0.0,0.0,1.0
524000.0,8.525651016,8.246740098119024E-7,524000.0,78.3912213740458,54.09002678053416,51.73774796047977,45.39737957573625,8417.0,94584.0,0.0,0.0,25.0,22.0,22.0,2.0,0.0,0.0,1.0
525000.0,8.542309661,8.262682527693128E-7,525000.0,78.36914285714286,54.07235051534378,51.690545875306306,45.4073465149483,745.0,4560.0,1.0,0.0,1.0,1.0,1.0,0.0,0.0,0.0,1.0
526000.0,8.556194369,8.275889246699478E-7,526000.0,78.34543726235741,54.04619216736762,51.6452493451691,45.4037808923059,1745.0,4560.0,0.0,0.0,1.0,1.0,1.0,0.0,0.0,0.0,1.0
527000.0,8.570523856,8.289743525048113E-7,527000.0,78.31404174573055,54.00726172005456,51.577025091731834,45.385339558533275,2745.0,9104.0,0.0,0.0,3.0,2.0,2.0,1.0,0.0,0.0,1.0
528000.0,8.584983682,8.303815094688427E-7,528000.0,78.29223484848484,53.9822664202237,51.53184849394658,45.39109139679922,3745.0,13536.0,0.0,0.0,5.0,3.0,3.0,2.0,0.0,0.0,1.0
529000.0,8.599265113,8.317935623050994E-7,529000.0,78.27466918714556,53.963512417359574,51.500841889377014,45.401812861052,4745.0,18000.0,0.0,0.0,7.0,4.0,4.0,2.0,0.0,0.0,1.0
530000.0,8.612800586,8.331373503457151E-7,530000.0,78.25830188679245,53.940421086770485,51.47371568383859,45.416348900331094,5745.0,18080.0,0.0,0.0,7.0,4.0,4.0,2.0,0.0,0.0,1.0
531000.0,8.627256636,8.345121870787624E-7,531000.0,78.22900188323916,53.90887482303718,51.4138255665389,45.401563274848264,281.0,4560.0,2.0,0.0,1.0,1.0,1.0,0.0,0.0,0.0,1.0
532000.0,8.640937927,8.3581860724077E-7,532000.0,78.1984962406015,53.86760092004047,51.35552274862434,45.38305416770656,1281.0,4560.0,0.0,0.0,1.0,1.0,1.0,0.0,0.0,0.0,1.0
533000.0,8.655180348,8.371893387827874E-7,533000.0,78.16791744840526,53.8275857515597,51.28990803414082,45.36521008324452,2281.0,9080.0,0.0,0.0,3.0,2.0,2.0,1.0,0.0,0.0,1.0
534000.0,8.668896528,8.385147317629159E-7,534000.0,78.13820224719102,53.788746666969885,51.22397563329615,45.3498551145274,3281.0,9088.0,0.0,0.0,3.0,2.0,2.0,1.0,0.0,0.0,1.0
535000.0,8.682744364,8.398582346453866E-7,535000.0,78.11252336448598,53.76189877846554,51.16949187881822,45.3507691158901,4281.0,9104.0,0.0,0.0,3.0,2.0,2.0,1.0,0.0,0.0,1.0
536000.0,8.697374462,8.412863822833259E-7,536000.0,78.09141791044776,53.74119927184843,51.13273187296091,45.35597952536063,5281.0,13648.0,0.0,0.0,5.0,3.0,3.0,2.0,0.0,0.0,1.0
537000.0,8.711632797,8.426468417817764E-7,537000.0,78.07039106145251,53.722027214320335,51.08759309024302,45.35735663277854,489.0,4560.0,1.0,0.0,1.0,1.0,1.0,0.0,0.0,0.0,1.0
538000.0,8.725548687,8.439708252258636E-7,538000.0,78.04330855018587,53.68666148314708,51.03016283620203,45.33789286639767,1489.0,4560.0,0.0,0.0,1.0,1.0,1.0,0.0,0.0,0.0,1.0
539000.0,8.739486068,8.453022185116568E-7,539000.0,78.01836734693877,53.65839117031521,50.977503961735636,45.33521576443774,2489.0,4560.0,0.0,0.0,1.0,1.0,1.0,0.0,0.0,0.0,1.0
540000.0,8.753904431,8.46702147591778E-7,540000.0,77.98888888888888,53.62165238003234,50.91674925668978,45.31878970782401,3489.0,9104.0,0.0,0.0,3.0,2.0,2.0,1.0,0.0,0.0,1.0
541000.0,8.76891583,8.481849456918587E-7,541000.0,77.96783733826248,53.59584056880029,50.87518288787686,45.319839988256035,4489.0,18016.0,0.0,0.0,7.0,4.0,4.0,2.0,0.0,0.0,1.0
542000.0,8.782376421,8.495201573406487E-7,542000.0,77.95239852398524,53.575779309915596,50.83904144811273,45.33560838597825,5489.0,18136.0,0.0,0.0,7.0,4.0,4.0,2.0,0.0,0.0,1.0
543000.0,8.797003992,8.50977938051865E-7,543000.0,77.93664825046041,53.560573095306886,50.80826951898006,45.355111498305526,6489.0,22072.0,0.0,0.0,9.0,5.0,5.0,3.0,0.0,0.0,1.0
544000.0,8.811461369,8.523572096228078E-7,544000.0,77.91746323529412,53.540323463822915,50.76680327868851,45.36138742205302,353.0,4560.0,1.0,0.0,1.0,1.0,1.0,0.0,0.0,0.0,1.0
545000.0,8.825136316,8.536555523375667E-7,545000.0,77.89009174311926,53.51326887926695,50.70728474653924,45.35242310727339,713.0,4560.0,1.0,0.0,1.0,1.0,1.0,0.0,0.0,0.0,1.0
546000.0,8.838302316,8.549106422223975E-7,546000.0,77.86190476190477,53.48372535894418,50.65017780372592,45.336553246142444,1713.0,4560.0,0.0,0.0,1.0,1.0,1.0,0.0,0.0,0.0,1.0
547000.0,8.852093044,8.562305949409302E-7,547000.0,77.83839122486289,53.45856471469291,50.601265693829234,45.33155350313876,2713.0,4560.0,0.0,0.0,1.0,1.0,1.0,0.0,0.0,0.0,1.0
548000.0,8.866493346,8.576297241099755E-7,548000.0,77.80985401459854,53.42785601392384,50.542759880100704,45.31251405391307,3713.0,12360.0,0.0,0.0,5.0,3.0,3.0,2.0,0.0,0.0,1.0
549000.0,8.886909249,8.595774546424937E-7,549000.0,77.77522768670309,53.37611450062985,50.4748993375763,45.27661292131052,521.0,4560.0,1.0,0.0,1.0,1.0,1.0,0.0,0.0,0.0,1.0
550000.0,8.900872401,8.609040273979695E-7,550000.0,77.75018181818182,53.34679322817987,50.425563806213525,45.26857193971108,1521.0,4560.0,0.0,0.0,1.0,1.0,1.0,0.0,0.0,0.0,1.0
551000.0,8.914653135,8.622185743332174E-7,551000.0,77.72377495462794,53.31161503476659,50.374991408552624,45.25261265761806,2521.0,4560.0,0.0,0.0,1.0,1.0,1.0,0.0,0.0,0.0,1.0
552000.0,8.934754689,8.645877416105833E-7,552000.0,77.694384057971,53.27204056848749,50.30973933467586,45.233318951521426,3521.0,89808.0,0.0,0.0,23.0,21.0,21.0,2.0,0.0,0.0,1.0
553000.0,8.950768981,8.66468688489308E-7,553000.0,77.66455696202532,53.22809116632096,50.24291400119243,45.21255832934122,4521.0,90064.0,0.0,0.0,23.0,21.0,21.0,2.0,0.0,0.0,1.0
554000.0,8.967102596,8.68412088673518E-7,554000.0,77.63880866425993,53.19363468070103,50.19318679816502,45.20067414835687,5521.0,94456.0,0.0,0.0,25.0,22.0,22.0,2.0,0.0,0.0,1.0
555000.0,8.983287409,8.70328606199032E-7,555000.0,77.60990990990992,53.15149233967647,50.13062793712202,45.179463198574176,6521.0,94472.0,0.0,0.0,25.0,22.0,22.0,2.0,0.0,0.0,1.0
556000.0,8.999459423,8.722501012569641E-7,556000.0,77.5863309352518,53.11907144198216,50.08611367004446,45.1701608113162,7521.0,94536.0,0.0,0.0,25.0,22.0,22.0,2.0,0.0,0.0,1.0
557000.0,9.016320944,8.738578969313863E-7,557000.0,77.56678635547576,53.093301699340664,50.04976914313124,45.168636950053966,137.0,4560.0,1.0,0.0,1.0,1.0,1.0,0.0,0.0,0.0,1.0
558000.0,9.030029409,8.751638478454095E-7,558000.0,77.5394265232975,53.058831191677804,49.99441412110187,45.15602504802623,1137.0,4560.0,0.0,0.0,1.0,1.0,1.0,0.0,0.0,0.0,1.0
559000.0,9.043797639,8.764807923673856E-7,559000.0,77.51771019677996,53.03460866671311,49.947229446367196,45.15509626965979,2137.0,4560.0,0.0,0.0,1.0,1.0,1.0,0.0,0.0,0.0,1.0
560000.0,9.058654459,8.778918685543141E-7,560000.0,77.4869642857143,52.99075073499465,49.887112545612105,45.12672304605381,161.0,4552.0,1.0,0.0,1.0,1.0,1.0,0.0,0.0,0.0,1.0
561000.0,9.076210361,8.795563560472736E-7,561000.0,77.45971479500892,52.94965424506396,49.82899539755595,45.108414906778386,41.0,4528.0,2.0,0.0,1.0,1.0,1.0,0.0,0.0,0.0,1.0
562000.0,9.089943584,8.808609138063339E-7,562000.0,77.43185053380783,52.913914430192435,49.77507622856692,45.08395465842275,81.0,4560.0,1.0,0.0,1.0,1.0,1.0,0.0,0.0,0.0,1.0
563000.0,9.103754627,8.821781804225902E-7,563000.0,77.40532859680285,52.8779659030421,49.719164410363845,45.06643865490334,1081.0,4560.0,0.0,0.0,1.0,1.0,1.0,0.0,0.0,0.0,1.0
564000.0,9.11757916,8.835020553929563E-7,564000.0,77.38067375886524,52.847367606937,49.669587447873724,45.05923747098418,2081.0,4560.0,0.0,0.0,1.0,1.0,1.0,0.0,0.0,0.0,1.0
565000.0,9.131904087,8.84881676252035E-7,565000.0,77.35734513274336,52.81639104217738,49.6245397806698,45.048237588378306,3081.0,9096.0,0.0,0.0,3.0,2.0,2.0,1.0,0.0,0.0,1.0
566000.0,9.146137293,8.862349660119515E-7,566000.0,77.33869257950529,52.794971653131974,49.58433401071494,45.05455433371745,145.0,4560.0,1.0,0.0,1.0,1.0,1.0,0.0,0.0,0.0,1.0
567000.0,9.159945135,8.875466120412178E-7,567000.0,77.31093474426808,52.760239755161486,49.523671262545804,45.03603823000381,889.0,4560.0,1.0,0.0,1.0,1.0,1.0,0.0,0.0,0.0,1.0
568000.0,9.1731354,8.888046702301666E-7,568000.0,77.28309859154929,52.726869487353,49.46441649793012,45.0150851415617,1889.0,4560.0,0.0,0.0,1.0,1.0,1.0,0.0,0.0,0.0,1.0
569000.0,9.187444846,8.901920695952738E-7,569000.0,77.2543057996485,52.68609951051325,49.406393051065436,44.98794965634205,2889.0,9104.0,0.0,0.0,3.0,2.0,2.0,1.0,0.0,0.0,1.0
570000.0,9.20150666,8.915287142166452E-7,570000.0,77.23350877192982,52.664095389086285,49.36357676879615,44.98749417101192,401.0,4560.0,1.0,0.0,1.0,1.0,1.0,0.0,0.0,0.0,1.0
571000.0,9.214522517,8.92770945888561E-7,571000.0,77.20823117338004,52.63776630939135,49.309604770640775,44.97628087502855,1401.0,4560.0,0.0,0.0,1.0,1.0,1.0,0.0,0.0,0.0,1.0
572000.0,9.227525818,8.940066506996791E-7,572000.0,77.18041958041958,52.605395256538024,49.25255918292763,44.955320055159376,2401.0,4560.0,0.0,0.0,1.0,1.0,1.0,0.0,0.0,0.0,1.0
573000.0,9.241382246,8.953431295773096E-7,573000.0,77.15375218150086,52.571660650282666,49.19253115576133,44.93606460839572,3401.0,8496.0,0.0,0.0,3.0,2.0,2.0,1.0,0.0,0.0,1.0
574000.0,9.255571191,8.967333814736227E-7,574000.0,77.12909407665505,52.5402228537258,49.13973120716573,44.92337124565252,4401.0,12896.0,0.0,0.0,5.0,3.0,3.0,2.0,0.0,0.0,1.0
575000.0,9.269382813,8.980788019871235E-7,575000.0,77.10782608695652,52.518234942541206,49.097419873777994,44.92376441446718,5401.0,12952.0,0.0,0.0,5.0,3.0,3.0,2.0,0.0,0.0,1.0
576000.0,9.283327162,8.9944269271643E-7,576000.0,77.08472222222223,52.48785959124008,49.05101769040442,44.914048186435515,6401.0,13000.0,0.0,0.0,5.0,3.0,3.0,2.0,0.0,0.0,1.0
577000.0,9.297785718,9.008659446330388E-7,577000.0,77.05996533795494,52.45497810671759,49.00584434847265,44.89700764324846,7401.0,17512.0,0.0,0.0,7.0,4.0,4.0,3.0,0.0,0.0,1.0
578000.0,9.312450972,9.023326101928845E-7,578000.0,77.04083044982698,52.42881864683297,48.96569228816786,44.89997591782164,8401.0,22080.0,0.0,0.0,9.0,5.0,5.0,4.0,0.0,0.0,1.0
579000.0,9.327121909,9.037246044563749E-7,579000.0,77.02504317789291,52.407821001447374,48.92866329582406,44.90828746671304,57.0,4560.0,1.0,0.0,1.0,1.0,1.0,0.0,0.0,0.0,1.0
580000.0,9.340811877,9.050287932348084E-7,580000.0,77.00051724137931,52.37363157462773,48.87769844828445,44.8954890945142,1057.0,4560.0,0.0,0.0,1.0,1.0,1.0,0.0,0.0,0.0,1.0
581000.0,9.354767434,9.063607097505342E-7,581000.0,76.97435456110155,52.33855396014621,48.82446100408552,44.87818143611171,425.0,4560.0,1.0,0.0,1.0,1.0,1.0,0.0,0.0,0.0,1.0
582000.0,9.368286772,9.076474681404418E-7,582000.0,76.95360824742268,52.31490387895115,48.78090692124104,44.877327086672416,1425.0,4560.0,0.0,0.0,1.0,1.0,1.0,0.0,0.0,0.0,1.0
583000.0,9.382724943,9.090418202366223E-7,583000.0,76.9245283018868,52.27039079987171,48.72000121977253,44.850062516654035,2425.0,8440.0,0.0,0.0,3.0,2.0,2.0,1.0,0.0,0.0,1.0
584000.0,9.396903032,9.104198287438518E-7,584000.0,76.90017123287672,52.23762156379861,48.67505450062966,44.8344251703184,3425.0,13016.0,0.0,0.0,5.0,3.0,3.0,2.0,0.0,0.0,1.0
585000.0,9.411417989,9.118550011168151E-7,585000.0,76.88324786324786,52.21424930037366,48.644071014905535,44.83753069499172,4425.0,17960.0,0.0,0.0,7.0,4.0,4.0,2.0,0.0,0.0,1.0
586000.0,9.425841298,9.132328135452419E-7,586000.0,76.85972696245734,52.17581357777546,48.59179224718038,44.818240639382765,657.0,4560.0,1.0,0.0,1.0,1.0,1.0,0.0,0.0,0.0,1.0
587000.0,9.439632464,9.145451017715575E-7,587000.0,76.83117546848382,52.129177863765044,48.536712731015484,44.78955231151453,1657.0,4560.0,0.0,0.0,1.0,1.0,1.0,0.0,0.0,0.0,1.0
588000.0,9.454013219,9.159359030612971E-7,588000.0,76.81343537414966,52.10378024269404,48.50329935146121,44.790987539836486,2657.0,9072.0,0.0,0.0,3.0,2.0,2.0,1.0,0.0,0.0,1.0
589000.0,9.4684664,9.1734091774831E-7,589000.0,76.79643463497453,52.08250091190922,48.470349591288866,44.795146364418514,3657.0,12896.0,0.0,0.0,5.0,3.0,3.0,2.0,0.0,0.0,1.0
590000.0,9.482844991,9.18763975745311E-7,590000.0,76.78203389830507,52.06495575963349,48.44044639328527,44.8064401753481,4657.0,18184.0,0.0,0.0,7.0,4.0,4.0,2.0,0.0,0.0,1.0
591000.0,9.496488789,9.201195629615832E-7,591000.0,76.76531302876481,52.037033434673916,48.409069562113714,44.80650503231615,5657.0,18184.0,0.0,0.0,7.0,4.0,4.0,2.0,0.0,0.0,1.0
592000.0,9.510619671,9.21531002247681E-7,592000.0,76.75033783783783,52.01031666100398,48.384846734817856,44.810358032166356,6657.0,22504.0,0.0,0.0,9.0,5.0,5.0,3.0,0.0,0.0,1.0
593000.0,9.524230673,9.22896007232372E-7,593000.0,76.74047217537942,51.99569247885183,48.36846459360413,44.83038610610018,7657.0,22528.0,0.0,0.0,9.0,5.0,5.0,3.0,0.0,0.0,1.0
594000.0,9.539107249,9.243099142595503E-7,594000.0,76.71700336700337,51.96190217592647,48.320329432162985,44.81381280725276,721.0,4560.0,2.0,0.0,1.0,1.0,1.0,0.0,0.0,0.0,1.0
595000.0,9.552903752,9.256264793626073E-7,595000.0,76.69428571428571,51.92787395764314,48.27539902495795,44.799570080808884,1721.0,4560.0,0.0,0.0,1.0,1.0,1.0,0.0,0.0,0.0,1.0
596000.0,9.567296823,9.27009624734976E-7,596000.0,76.67097315436241,51.89451583981063,48.22644066786816,44.7895075405618,2721.0,9048.0,0.0,0.0,3.0,2.0,2.0,1.0,0.0,0.0,1.0
597000.0,9.582075393,9.284109749303715E-7,597000.0,76.65226130653267,51.86786056869579,48.189806417080504,44.78537814327138,9.0,4480.0,2.0,0.0,1.0,1.0,1.0,0.0,0.0,0.0,1.0
598000.0,9.595997774,9.297354030571359E-7,598000.0,76.63712374581941,51.853356008732675,48.153398548250635,44.79611190137507,113.0,4560.0,1.0,0.0,1.0,1.0,1.0,0.0,0.0,0.0,1.0
599000.0,9.609931633,9.310604040027657E-7,599000.0,76.61135225375627,51.815320747517035,48.103971343796644,44.77220673859654,697.0,4560.0,1.0,0.0,1.0,1.0,1.0,0.0,0.0,0.0,1.0
600000.0,9.624528656,9.324504605203597E-7,600000.0,76.5895,51.78491601314782,48.059771033013845,44.76223809224187,193.0,4560.0,1.0,0.0,1.0,1.0,1.0,0.0,0.0,0.0,1.0
601000.0,9.638324212,9.337609394676796E-7,601000.0,76.57071547420965,51.759270377567205,48.024096207652605,44.761112702080325,1193.0,4560.0,0.0,0.0,1.0,1.0,1.0,0.0,0.0,0.0,1.0
602000.0,9.652040997,9.350692159651798E-7,602000.0,76.55332225913621,51.73788098684556,47.98689621626403,44.766149607901454,2193.0,4560.0,0.0,0.0,1.0,1.0,1.0,0.0,0.0,0.0,1.0
603000.0,9.666073777,9.364295873594283E-7,603000.0,76.52968490878939,51.70489987750825,47.939864116740424,44.74834861095929,3193.0,9096.0,0.0,0.0,3.0,2.0,2.0,1.0,0.0,0.0,1.0
604000.0,9.679927739,9.3776439477471E-7,604000.0,76.51622516556291,51.68901074383741,47.917691725844705,44.7539591658682,4193.0,9104.0,0.0,0.0,3.0,2.0,2.0,1.0,0.0,0.0,1.0
605000.0,9.694650955,9.392206463824129E-7,605000.0,76.49371900826446,51.65009489398936,47.878114840918165,44.74182179895166,5193.0,17416.0,0.0,0.0,7.0,4.0,4.0,2.0,0.0,0.0,1.0
606000.0,9.709379368,9.406872881882616E-7,606000.0,76.48448844884489,51.64205971755581,47.858603820667916,44.76760410529907,6193.0,22000.0,0.0,0.0,9.0,5.0,5.0,3.0,0.0,0.0,1.0
607000.0,9.724050157,9.420869198220636E-7,607000.0,76.466392092257,51.61981443684319,47.819051202343665,44.77323425823187,985.0,4560.0,1.0,0.0,1.0,1.0,1.0,0.0,0.0,0.0,1.0
608000.0,9.737901215,9.434136788934924E-7,608000.0,76.44819078947368,51.596955537065014,47.7922115801793,44.77078303262185,1985.0,4560.0,0.0,0.0,1.0,1.0,1.0,0.0,0.0,0.0,1.0
609000.0,9.758497654,9.453701929839182E-7,609000.0,76.42282430213466,51.55825310258619,47.741475256497516,44.7529011604642,169.0,4560.0,1.0,0.0,1.0,1.0,1.0,0.0,0.0,0.0,1.0
610000.0,9.77284243,9.467356939459074E-7,610000.0,76.40819672131147,51.53869554511399,47.71035219481353,44.7585706553658,817.0,4560.0,1.0,0.0,1.0,1.0,1.0,0.0,0.0,0.0,1.0
611000.0,9.786668047,9.480504019244304E-7,611000.0,76.39459901800328,51.522991414783334,47.68264769788269,44.77031829182367,1817.0,4560.0,0.0,0.0,1.0,1.0,1.0,0.0,0.0,0.0,1.0
612000.0,9.806636359,9.499494800844084E-7,612000.0,76.36601307189542,51.47889685645784,47.62456546929316,44.73884289311108,481.0,4560.0,1.0,0.0,1.0,1.0,1.0,0.0,0.0,0.0,1.0
613000.0,9.820333926,9.512499704135023E-7,613000.0,76.33817292006525,51.434670591400625,47.56831983805667,44.70819197194373,1481.0,4560.0,0.0,0.0,1.0,1.0,1.0,0.0,0.0,0.0,1.0
614000.0,9.834608349,9.526098378942162E-7,614000.0,76.3185667752443,51.406069411902585,47.52557787040546,44.7030055029264,433.0,4560.0,1.0,0.0,1.0,1.0,1.0,0.0,0.0,0.0,1.0
615000.0,9.848421745,9.539311025877958E-7,615000.0,76.29723577235772,51.37438171330512,47.47560641655736,44.69534866074816,1433.0,4560.0,0.0,0.0,1.0,1.0,1.0,0.0,0.0,0.0,1.0
616000.0,9.862191651,9.552413678344958E-7,616000.0,76.27564935064936,51.34245498348322,47.427342156478325,44.68320268290745,2433.0,4560.0,0.0,0.0,1.0,1.0,1.0,0.0,0.0,0.0,1.0
617000.0,9.882276179,9.576017529992799E-7,617000.0,76.24716369529983,51.295914939452246,47.37078361170264,44.656964185913026,3433.0,89368.0,0.0,0.0,23.0,21.0,21.0,2.0,0.0,0.0,1.0
618000.0,9.898651293,9.591566614483874E-7,618000.0,76.2168284789644,51.24706584037598,47.309553683455825,44.620902990501385,433.0,4560.0,1.0,0.0,1.0,1.0,1.0,0.0,0.0,0.0,1.0
619000.0,9.912763657,9.60499337791254E-7,619000.0,76.19822294022617,51.22273572742452,47.272792341415396,44.616651129221424,249.0,4560.0,1.0,0.0,1.0,1.0,1.0,0.0,0.0,0.0,1.0
620000.0,9.926497818,9.61811318122523E-7,620000.0,76.17596774193548,51.1897175823734,47.225298871683464,44.60566285392836,1249.0,4560.0,0.0,0.0,1.0,1.0,1.0,0.0,0.0,0.0,1.0
621000.0,9.940940682,9.63200264797883E-7,621000.0,76.1561996779388,51.161713537026166,47.180862827912414,44.59971639484722,2249.0,8456.0,0.0,0.0,3.0,2.0,2.0,1.0,0.0,0.0,1.0
622000.0,9.960498321,9.655015619801935E-7,622000.0,76.13456591639871,51.127956171755976,47.1292820355741,44.58869772633102,3249.0,89976.0,0.0,0.0,23.0,21.0,21.0,2.0,0.0,0.0,1.0
623000.0,9.976526483,9.673789962933128E-7,623000.0,76.11364365971107,51.09358809360769,47.088314144912275,44.571375360834324,4249.0,90072.0,0.0,0.0,23.0,21.0,21.0,2.0,0.0,0.0,1.0
624000.0,9.992823619,9.69313165492879E-7,624000.0,76.0863782051282,51.04690128667863,47.03046739388948,44.54523832529377,5249.0,94544.0,0.0,0.0,25.0,22.0,22.0,2.0,0.0,0.0,1.0
625000.0,10.009007499,9.712404581690662E-7,625000.0,76.07007999999999,51.02276686881234,46.998412383409395,44.541554343432836,6249.0,94576.0,0.0,0.0,25.0,22.0,22.0,2.0,0.0,0.0,1.0
626000.0,10.025194656,9.731588948089152E-7,626000.0,76.05319488817891,50.99818315205016,46.9665505103214,44.53927945126417,7249.0,94624.0,0.0,0.0,25.0,22.0,22.0,2.0,0.0,0.0,1.0
627000.0,10.041818289,9.751354600380691E-7,627000.0,76.03763955342903,50.975734621822625,46.936497845588754,44.53812533223081,8249.0,94624.0,0.0,0.0,25.0,22.0,22.0,2.0,0.0,0.0,1.0
628000.0,10.058113127,9.770652421928817E-7,628000.0,76.02531847133758,50.95971514261235,46.91153862427892,44.54638537354331,9249.0,94624.0,0.0,0.0,25.0,22.0,22.0,2.0,0.0,0.0,1.0
629000.0,10.074279449,9.789862282393375E-7,629000.0,76.0100158982512,50.93679565015905,46.881281351755696,44.546199556801774,10249.0,94624.0,0.0,0.0,25.0,22.0,22.0,2.0,0.0,0.0,1.0
630000.0,10.090519008,9.809221681398296E-7,630000.0,75.99444444444444,50.913983693140054,46.853036266516725,44.54629789200031,11249.0,94624.0,0.0,0.0,25.0,22.0,22.0,2.0,0.0,0.0,1.0
631000.0,10.106529145,9.828210167385678E-7,631000.0,75.98161648177496,50.895998804085075,46.83364905633901,44.551601006848905,12249.0,94624.0,0.0,0.0,25.0,22.0,22.0,2.0,0.0,0.0,1.0
632000.0,10.122630534,9.847368862646714E-7,632000.0,75.96518987341773,50.870664315578715,46.7982642014311,44.551925533856554,13249.0,94624.0,0.0,0.0,25.0,22.0,22.0,2.0,0.0,0.0,1.0
633000.0,10.139062725,9.866827309556014E-7,633000.0,75.95260663507108,50.85479881313651,46.77305993712912,44.563816072195955,14249.0,94624.0,0.0,0.0,25.0,22.0,22.0,2.0,0.0,0.0,1.0
634000.0,10.155149728,9.885938922848034E-7,634000.0,75.9372239747634,50.831159141232504,46.739794511222264,44.56085267514835,15249.0,94624.0,0.0,0.0,25.0,22.0,22.0,2.0,0.0,0.0,1.0
635000.0,10.171226463,9.904952494537042E-7,635000.0,75.92661417322834,50.817774587571144,46.72191997100247,44.570991381029565,16249.0,94624.0,0.0,0.0,25.0,22.0,22.0,2.0,0.0,0.0,1.0
636000.0,10.187918685,9.924928903009327E-7,636000.0,75.90880503144653,50.78980464182629,46.68494637873799,44.566648818396246,17249.0,98552.0,0.0,0.0,27.0,23.0,23.0,3.0,0.0,0.0,1.0
637000.0,10.204019838,9.944262263410496E-7,637000.0,75.89905808477238,50.77887342117271,46.66173318185451,44.58373640970849,18249.0,98560.0,0.0,0.0,27.0,23.0,23.0,3.0,0.0,0.0,1.0
638000.0,10.221387258,9.960768694179213E-7,638000.0,75.88103448275862,50.75218157037541,46.62631588075129,44.57427304587745,529.0,4560.0,2.0,0.0,1.0,1.0,1.0,0.0,0.0,0.0,1.0
639000.0,10.235241572,9.973989512773022E-7,639000.0,75.85915492957747,50.718186659953155,46.57976846384802,44.561643097159084,1529.0,4560.0,0.0,0.0,1.0,1.0,1.0,0.0,0.0,0.0,1.0
640000.0,10.249102297,9.987154486951415E-7,640000.0,75.844375,50.69892617677246,46.548373935953194,44.56401300950612,2529.0,4560.0,0.0,0.0,1.0,1.0,1.0,0.0,0.0,0.0,1.0
641000.0,10.263305208,1.0000868750283306E-6,641000.0,75.82433697347894,50.66858749348909,46.50866577149701,44.5530171565558,3529.0,9104.0,0.0,0.0,3.0,2.0,2.0,1.0,0.0,0.0,1.0
642000.0,10.278354389,1.0015789491292232E-6,642000.0,75.80545171339564,50.63750787544959,46.47463619541209,44.540806489620756,4529.0,17568.0,0.0,0.0,7.0,4.0,4.0,2.0,0.0,0.0,1.0
643000.0,10.293003564,1.002972516752742E-6,643000.0,75.79222395023328,50.62015433149863,46.44942219898099,44.54700586749507,377.0,4560.0,1.0,0.0,1.0,1.0,1.0,0.0,0.0,0.0,1.0
644000.0,10.306772719,1.004284591322241E-6,644000.0,75.7722049689441,50.59529795272848,46.4051277295164,44.54010016599547,513.0,4560.0,1.0,0.0,1.0,1.0,1.0,0.0,0.0,0.0,1.0
645000.0,10.32005593,1.0055468960047055E-6,645000.0,75.75007751937984,50.565279724904514,46.358744671438224,44.52550602405365,1513.0,4560.0,0.0,0.0,1.0,1.0,1.0,0.0,0.0,0.0,1.0
646000.0,10.333898279,1.0068676641854164E-6,646000.0,75.73250773993809,50.53930206168072,46.32537978779132,44.517900876286475,2513.0,4560.0,0.0,0.0,1.0,1.0,1.0,0.0,0.0,0.0,1.0
647000.0,10.35468624,1.0093191080599626E-6,647000.0,75.71159196290573,50.508011058521504,46.27909600270749,44.511768818457256,3513.0,89968.0,0.0,0.0,23.0,21.0,21.0,2.0,0.0,0.0,1.0
648000.0,10.370660061,1.011195301447173E-6,648000.0,75.68919753086419,50.474010086099,46.23321217085615,44.498231373046394,4513.0,90064.0,0.0,0.0,23.0,21.0,21.0,2.0,0.0,0.0,1.0
649000.0,10.387050176,1.0131462042783858E-6,649000.0,75.67257318952234,50.45140214838102,46.19623371932144,44.49659003023271,5513.0,94592.0,0.0,0.0,25.0,22.0,22.0,2.0,0.0,0.0,1.0
650000.0,10.403276038,1.0150679184145806E-6,650000.0,75.65430769230768,50.42546200635203,46.15910668354222,44.49343379072312,6513.0,94600.0,0.0,0.0,25.0,22.0,22.0,2.0,0.0,0.0,1.0
651000.0,10.41996297,1.0166551294816197E-6,651000.0,75.64039938556067,50.407569640477256,46.12776654833285,44.49717727681586,249.0,4560.0,1.0,0.0,1.0,1.0,1.0,0.0,0.0,0.0,1.0
652000.0,10.433821962,1.0179709460107149E-6,652000.0,75.62607361963191,50.38735310750351,46.09916088375154,44.49888765877494,1249.0,4560.0,0.0,0.0,1.0,1.0,1.0,0.0,0.0,0.0,1.0
653000.0,10.447959075,1.0193138704250975E-6,653000.0,75.60398162327718,50.35221479783535,46.054471756702306,44.48455871590966,169.0,4560.0,1.0,0.0,1.0,1.0,1.0,0.0,0.0,0.0,1.0
654000.0,10.460987064,1.0205564510894726E-6,654000.0,75.58226299694189,50.32250180545308,46.00968966694728,44.46886344984909,1169.0,4560.0,0.0,0.0,1.0,1.0,1.0,0.0,0.0,0.0,1.0
655000.0,10.474718487,1.0218628840029089E-6,655000.0,75.56320610687023,50.29346216778868,45.97279416728549,44.45874857729783,2169.0,4560.0,0.0,0.0,1.0,1.0,1.0,0.0,0.0,0.0,1.0
656000.0,10.489969178,1.0233096965712427E-6,656000.0,75.54588414634146,50.26616156442667,45.937721160651115,44.44979257709969,225.0,4560.0,2.0,0.0,1.0,1.0,1.0,0.0,0.0,0.0,1.0
657000.0,10.503465352,1.024592071555339E-6,657000.0,75.52678843226789,50.24182286958031,45.9010877720692,44.44306233652255,1225.0,4560.0,0.0,0.0,1.0,1.0,1.0,0.0,0.0,0.0,1.0
658000.0,10.517661132,1.0259626330445534E-6,658000.0,75.50653495440729,50.21207169450604,45.85806668346349,44.42996293422979,2225.0,8960.0,0.0,0.0,3.0,2.0,2.0,1.0,0.0,0.0,1.0
659000.0,10.53134942,1.0272899768386608E-6,659000.0,75.49089529590289,50.19264134844725,45.82505970429602,44.431447159730126,3225.0,9104.0,0.0,0.0,3.0,2.0,2.0,1.0,0.0,0.0,1.0
660000.0,10.545884077,1.0287075744822408E-6,660000.0,75.47348484848484,50.16629517305974,45.78759117731771,44.42842380986712,4225.0,13512.0,0.0,0.0,5.0,3.0,3.0,2.0,0.0,0.0,1.0
661000.0,10.560101498,1.0301170941905691E-6,661000.0,75.46308623298033,50.14966795595913,45.77196601657713,44.43412839259163,5225.0,18168.0,0.0,0.0,7.0,4.0,4.0,2.0,0.0,0.0,1.0
662000.0,10.574511204,1.031486270855199E-6,662000.0,75.44018126888218,50.11408267110527,45.724882243564714,44.414472627069685,593.0,4560.0,2.0,0.0,1.0,1.0,1.0,0.0,0.0,0.0,1.0
663000.0,10.59041409,1.0330020654310962E-6,663000.0,75.42398190045249,50.088540156657636,45.694240767897604,44.40820337155704,57.0,4560.0,1.0,0.0,1.0,1.0,1.0,0.0,0.0,0.0,1.0
664000.0,10.604210785,1.0343224179471195E-6,664000.0,75.40331325301204,50.05406825341385,45.64720368737209,44.39325999543767,1057.0,4560.0,0.0,0.0,1.0,1.0,1.0,0.0,0.0,0.0,1.0
665000.0,10.618016375,1.035636764409587E-6,665000.0,75.38631578947368,50.027695518487505,45.6118956637315,44.385966104459136,2057.0,4560.0,0.0,0.0,1.0,1.0,1.0,0.0,0.0,0.0,1.0
666000.0,10.638841839,1.0381109054797014E-6,666000.0,75.36711711711712,49.995270843967546,45.57262291818726,44.37569083252526,3057.0,94152.0,0.0,0.0,25.0,22.0,22.0,2.0,0.0,0.0,1.0
667000.0,10.655217093,1.0400497706507016E-6,667000.0,75.35052473763119,49.96913919696182,45.54000563109691,44.37290440890375,4057.0,94568.0,0.0,0.0,25.0,22.0,22.0,2.0,0.0,0.0,1.0
668000.0,10.671266653,1.0419563508274027E-6,668000.0,75.3366766467066,49.948091725819715,45.51470515283902,44.37169946381061,5057.0,94592.0,0.0,0.0,25.0,22.0,22.0,2.0,0.0,0.0,1.0
669000.0,10.687460714,1.0438713492557152E-6,669000.0,75.32257100149477,49.927869845869274,45.48666488358808,44.37207484357046,6057.0,94616.0,0.0,0.0,25.0,22.0,22.0,2.0,0.0,0.0,1.0
670000.0,10.70353785,1.0457787097764755E-6,670000.0,75.30776119402985,49.90600390834823,45.46011986786843,44.37394716402555,7057.0,94616.0,0.0,0.0,25.0,22.0,22.0,2.0,0.0,0.0,1.0
671000.0,10.719957997,1.047733085343949E-6,671000.0,75.2919523099851,49.881730479957994,45.43135596288606,44.367676469403925,8057.0,94616.0,0.0,0.0,25.0,22.0,22.0,2.0,0.0,0.0,1.0
672000.0,10.736382105,1.0496787546760957E-6,672000.0,75.2766369047619,49.85763521777722,45.40277289412199,44.36467141063207,9057.0,94616.0,0.0,0.0,25.0,22.0,22.0,2.0,0.0,0.0,1.0
673000.0,10.752523407,1.0515973689960684E-6,673000.0,75.2625557206538,49.836302981833974,45.37708424927654,44.36807036069211,10057.0,94624.0,0.0,0.0,25.0,22.0,22.0,2.0,0.0,0.0,1.0
674000.0,10.768752016,1.053517292504126E-6,674000.0,75.24925816023739,49.81633357413271,45.34810199154111,44.370896261492135,11057.0,94624.0,0.0,0.0,25.0,22.0,22.0,2.0,0.0,0.0,1.0
675000.0,10.784877299,1.0554311994168945E-6,675000.0,75.23733333333334,49.799144597711646,45.31928814446481,44.37652038775504,12057.0,94624.0,0.0,0.0,25.0,22.0,22.0,2.0,0.0,0.0,1.0
676000.0,10.801223109,1.0573775729043032E-6,676000.0,75.22130177514794,49.77393787468588,45.28963140790097,44.37245323246445,13057.0,94624.0,0.0,0.0,25.0,22.0,22.0,2.0,0.0,0.0,1.0
677000.0,10.817862037,1.059350584703791E-6,677000.0,75.2069423929099,49.75118635074832,45.25812164282056,44.37057339913232,14057.0,94624.0,0.0,0.0,25.0,22.0,22.0,2.0,0.0,0.0,1.0
678000.0,10.834738069,1.060957633514114E-6,678000.0,75.19911504424779,49.74117231122998,45.245313370042695,44.38307049110924,17.0,4552.0,1.0,0.0,1.0,1.0,1.0,0.0,0.0,0.0,1.0
679000.0,10.848567426,1.0622720102257752E-6,679000.0,75.18276877761414,49.71543791960487,45.21012501828942,44.376188338438794,1017.0,4560.0,0.0,0.0,1.0,1.0,1.0,0.0,0.0,0.0,1.0
680000.0,10.862350346,1.063587279137776E-6,680000.0,75.1654411764706,49.68836396334407,45.17757434099468,44.37142593617415,2017.0,4560.0,0.0,0.0,1.0,1.0,1.0,0.0,0.0,0.0,1.0
681000.0,10.876669923,1.06495909431705E-6,681000.0,75.14287812041115,49.64968887541452,45.130967777486056,44.34405505196466,521.0,4560.0,1.0,0.0,1.0,1.0,1.0,0.0,0.0,0.0,1.0
682000.0,10.890650176,1.0662907637907083E-6,682000.0,75.12478005865103,49.61943626619211,45.09190242386778,44.33302598463694,1521.0,4560.0,0.0,0.0,1.0,1.0,1.0,0.0,0.0,0.0,1.0
683000.0,10.90509834,1.0676893701713052E-6,683000.0,75.10658857979502,49.58953875448171,45.048722548116544,44.32189569238225,2521.0,9032.0,0.0,0.0,3.0,2.0,2.0,1.0,0.0,0.0,1.0
684000.0,10.919443578,1.0690868010834248E-6,684000.0,75.08611111111111,49.55665014235359,45.00724476327856,44.307764708958224,3521.0,13536.0,0.0,0.0,5.0,3.0,3.0,2.0,0.0,0.0,1.0
685000.0,10.933708178,1.0704420129816954E-6,685000.0,75.07255474452555,49.53733422280683,44.9803285978044,44.311381151323616,233.0,4560.0,1.0,0.0,1.0,1.0,1.0,0.0,0.0,0.0,1.0
686000.0,10.947529317,1.0717533774980111E-6,686000.0,75.05233236151604,49.50594521002712,44.941351332222354,44.29566026865779,369.0,4560.0,1.0,0.0,1.0,1.0,1.0,0.0,0.0,0.0,1.0
687000.0,10.961246472,1.0730601562737564E-6,687000.0,75.03289665211062,49.473876496127275,44.905694315962585,44.28361680287931,1369.0,4560.0,0.0,0.0,1.0,1.0,1.0,0.0,0.0,0.0,1.0
688000.0,10.975056196,1.0743810697369831E-6,688000.0,75.01758720930233,49.449976299832045,44.87453334872802,44.2801569034266,2369.0,4560.0,0.0,0.0,1.0,1.0,1.0,0.0,0.0,0.0,1.0
689000.0,10.989337845,1.0757567294324122E-6,689000.0,74.99869375907112,49.42032514919789,44.83492975427608,44.27042556082538,3369.0,9104.0,0.0,0.0,3.0,2.0,2.0,1.0,0.0,0.0,1.0
690000.0,11.003782106,1.0771315211587352E-6,690000.0,74.98681159420289,49.402445612039685,44.80779254834366,44.275691504989936,849.0,4560.0,1.0,0.0,1.0,1.0,1.0,0.0,0.0,0.0,1.0
691000.0,11.017646006,1.078448492296234E-6,691000.0,74.97235890014473,49.379743166590075,44.78168553137822,44.27513629860674,1849.0,4560.0,0.0,0.0,1.0,1.0,1.0,0.0,0.0,0.0,1.0
692000.0,11.032304595,1.079840225093209E-6,692000.0,74.94971098265896,49.34084550210825,44.73854511025321,44.250337685727146,321.0,4560.0,1.0,0.0,1.0,1.0,1.0,0.0,0.0,0.0,1.0
693000.0,11.046066042,1.081151052506938E-6,693000.0,74.93131313131313,49.31235870665429,44.70089795866397,44.23995378097315,777.0,4560.0,1.0,0.0,1.0,1.0,1.0,0.0,0.0,0.0,1.0
694000.0,11.059887835,1.0824664266568147E-6,694000.0,74.91858789625361,49.29147138129456,44.681912655484304,44.239424663239014,1777.0,4560.0,0.0,0.0,1.0,1.0,1.0,0.0,0.0,0.0,1.0
695000.0,11.074279378,1.0838585095614542E-6,695000.0,74.90258992805755,49.264286201762374,44.65270506108202,44.23332693906259,2777.0,9088.0,0.0,0.0,3.0,2.0,2.0,1.0,0.0,0.0,1.0
696000.0,11.088016897,1.0851800508272622E-6,696000.0,74.88879310344828,49.24242276971567,44.62079563998162,44.23417473126,3777.0,9104.0,0.0,0.0,3.0,2.0,2.0,1.0,0.0,0.0,1.0
697000.0,11.102355287,1.0865820077388956E-6,697000.0,74.87560975609756,49.219382633634254,44.59602686721105,44.23416193769864,4777.0,13640.0,0.0,0.0,5.0,3.0,3.0,2.0,0.0,0.0,1.0
698000.0,11.116356942,1.0879418828786553E-6,698000.0,74.86833810888253,49.2086532188916,44.58095863925291,44.250192274689034,5777.0,9632.0,0.0,0.0,7.0,4.0,4.0,3.0,0.0,0.0,1.0
699000.0,11.131889859,1.089421834957235E-6,699000.0,74.85836909871246,49.19346028656025,44.56203884505826,44.25818729680439,121.0,4560.0,1.0,0.0,1.0,1.0,1.0,0.0,0.0,0.0,1.0
700000.0,11.145679544,1.0907410029059871E-6,700000.0,74.84385714285715,49.171058252648066,44.52523241417766,44.25655035311918,1121.0,4560.0,0.0,0.0,1.0,1.0,1.0,0.0,0.0,0.0,1.0
701000.0,11.160137307,1.0921331477841502E-6,701000.0,74.83323823109843,49.15617111393155,44.50068580201085,44.264330485770614,2121.0,9072.0,0.0,0.0,3.0,2.0,2.0,1.0,0.0,0.0,1.0
702000.0,11.173889085,1.093462692114104E-6,702000.0,74.81823361823362,49.13266800452029,44.472574899955404,44.257208445801076,3121.0,9096.0,0.0,0.0,3.0,2.0,2.0,1.0,0.0,0.0,1.0
703000.0,11.187704257,1.0947899594434408E-6,703000.0,74.80512091038408,49.11251887805732,44.4442701880401,44.258590792219124,4121.0,9096.0,0.0,0.0,3.0,2.0,2.0,1.0,0.0,0.0,1.0
704000.0,11.202379416,1.0962378131888966E-6,704000.0,74.7919034090909,49.089136528009824,44.41799646084219,44.25982869473176,5121.0,17560.0,0.0,0.0,7.0,4.0,4.0,2.0,0.0,0.0,1.0
705000.0,11.216539554,1.0976516764608062E-6,705000.0,74.78269503546099,49.07218603116303,44.401773819278084,44.26721840810057,6121.0,20592.0,0.0,0.0,9.0,5.0,5.0,3.0,0.0,0.0,1.0
706000.0,11.230254958,1.099017159908343E-6,706000.0,74.77662889518413,49.06156981449731,44.392295730050776,44.28355542484192,7121.0,21488.0,0.0,0.0,9.0,5.0,5.0,3.0,0.0,0.0,1.0
707000.0,11.245404715,1.1004575951141092E-6,707000.0,74.76251768033946,49.03776614562354,44.36871560634167,44.27750538708971,505.0,4560.0,2.0,0.0,1.0,1.0,1.0,0.0,0.0,0.0,1.0
708000.0,11.259228311,1.1017705660041063E-6,708000.0,74.74378531073447,49.00499739662598,44.33302928513392,44.26136505324057,1505.0,4560.0,0.0,0.0,1.0,1.0,1.0,0.0,0.0,0.0,1.0
709000.0,11.273018088,1.1030858043165003E-6,709000.0,74.72566995768688,48.97416772072142,44.29852100986615,44.24548848786558,2505.0,4560.0,0.0,0.0,1.0,1.0,1.0,0.0,0.0,0.0,1.0
710000.0,11.28740833,1.1044808289355075E-6,710000.0,74.70605633802818,48.938463309141575,44.262086474508,44.223655726961866,3505.0,9096.0,0.0,0.0,3.0,2.0,2.0,1.0,0.0,0.0,1.0
711000.0,11.302409118,1.105906541382136E-6,711000.0,74.69549929676512,48.92151350104702,44.24093099654441,44.22848604898433,89.0,4560.0,1.0,0.0,1.0,1.0,1.0,0.0,0.0,0.0,1.0
712000.0,11.315492619,1.1071550665223407E-6,712000.0,74.68328651685393,48.907151994870325,44.209734628312496,44.237176453118764,1089.0,4560.0,0.0,0.0,1.0,1.0,1.0,0.0,0.0,0.0,1.0
713000.0,11.328677054,1.1084084756715175E-6,713000.0,74.66451612903225,48.87842239160973,44.17237638725349,44.224089220708244,2089.0,4560.0,0.0,0.0,1.0,1.0,1.0,0.0,0.0,0.0,1.0
714000.0,11.342900421,1.1097829369497625E-6,714000.0,74.64747899159664,48.85020575962615,44.143485304327704,44.213546514136375,3089.0,9104.0,0.0,0.0,3.0,2.0,2.0,1.0,0.0,0.0,1.0
715000.0,11.357399541,1.1112044804331985E-6,715000.0,74.63622377622377,48.833399037305185,44.121978875235705,44.22063102466151,4089.0,13040.0,0.0,0.0,5.0,3.0,3.0,2.0,0.0,0.0,1.0
716000.0,11.371898073,1.1126360783715872E-6,716000.0,74.62318435754189,48.81122974961435,44.097223290516105,44.22044372404011,5089.0,18160.0,0.0,0.0,7.0,4.0,4.0,2.0,0.0,0.0,1.0
717000.0,11.386297012,1.1140634448324098E-6,717000.0,74.6142259414226,48.79754137200919,44.08024700840259,44.23068084676123,6089.0,18120.0,0.0,0.0,9.0,5.0,5.0,3.0,0.0,0.0,1.0
718000.0,11.400674856,1.1154960997505274E-6,718000.0,74.60891364902507,48.79065380926437,44.07335486859502,44.246613046270525,7089.0,22104.0,0.0,0.0,9.0,5.0,5.0,3.0,0.0,0.0,1.0
719000.0,11.415275868,1.1168894370961225E-6,719000.0,74.59652294853963,48.76971058981231,44.05257467018308,44.24079054617165,857.0,4560.0,1.0,0.0,1.0,1.0,1.0,0.0,0.0,0.0,1.0
720000.0,11.429642321,1.1182611046638645E-6,720000.0,74.58069444444445,48.74283634947922,44.02147150132284,44.23467755450265,513.0,4560.0,1.0,0.0,1.0,1.0,1.0,0.0,0.0,0.0,1.0
721000.0,11.443478836,1.1195802852925736E-6,721000.0,74.56726768377254,48.71972581940479,43.99770334694427,44.22799093632619,1513.0,4560.0,0.0,0.0,1.0,1.0,1.0,0.0,0.0,0.0,1.0
722000.0,11.457308253,1.1209041127821653E-6,722000.0,74.55277008310249,48.69456208019046,43.97122460119724,44.22076226676301,2513.0,4560.0,0.0,0.0,1.0,1.0,1.0,0.0,0.0,0.0,1.0
723000.0,11.471770153,1.1222969553183365E-6,723000.0,74.53706777316735,48.66787847192451,43.94259579547391,44.210832547948854,3513.0,9104.0,0.0,0.0,3.0,2.0,2.0,1.0,0.0,0.0,1.0
724000.0,11.486892832,1.1237924355411254E-6,724000.0,74.52513812154696,48.64713498765114,43.913052733371245,44.20826237283829,4513.0,17536.0,0.0,0.0,7.0,4.0,4.0,2.0,0.0,0.0,1.0
725000.0,11.506869564,1.1261792222850411E-6,725000.0,74.51448275862069,48.6294531269374,43.893136724989226,44.21060895190706,5513.0,98992.0,0.0,0.0,27.0,23.0,23.0,3.0,0.0,0.0,1.0
726000.0,11.523987579,1.1282491826963066E-6,726000.0,74.50399449035812,48.61237982550749,43.868475238277185,44.218123738058644,6513.0,103064.0,0.0,0.0,29.0,24.0,24.0,3.0,0.0,0.0,1.0
727000.0,11.540789808,1.1298566451243075E-6,727000.0,74.49614855570839,48.600172862030846,43.8518446737185,44.229982554292235,25.0,4536.0,1.0,0.0,1.0,1.0,1.0,0.0,0.0,0.0,1.0
728000.0,11.554676682,1.131178212816878E-6,728000.0,74.48241758241758,48.57686042163419,43.82225662954103,44.22654289111193,1025.0,4560.0,0.0,0.0,1.0,1.0,1.0,0.0,0.0,0.0,1.0
729000.0,11.569077504,1.1325713720962046E-6,729000.0,74.46721536351166,48.55096642433001,43.78824026817263,44.21798064618604,2025.0,9088.0,0.0,0.0,3.0,2.0,2.0,1.0,0.0,0.0,1.0
730000.0,11.583589959,1.1339843714891573E-6,730000.0,74.45616438356164,48.533532382631705,43.76472078386194,44.22259512848814,3025.0,13632.0,0.0,0.0,5.0,3.0,3.0,2.0,0.0,0.0,1.0
731000.0,11.597447873,1.135339004996886E-6,731000.0,74.44801641586868,48.522108638476716,43.748776558100325,44.23346201271271,4025.0,13640.0,0.0,0.0,5.0,3.0,3.0,2.0,0.0,0.0,1.0
732000.0,11.617819279,1.137786438183581E-6,732000.0,74.43401639344262,48.498225118957805,43.720114759324204,44.23031076039147,5025.0,98576.0,0.0,0.0,27.0,23.0,23.0,3.0,0.0,0.0,1.0
733000.0,11.634945919,1.1398540387974133E-6,733000.0,74.42660300136426,48.48754188643164,43.708314940105645,44.245926701446095,6025.0,103016.0,0.0,0.0,29.0,24.0,24.0,3.0,0.0,0.0,1.0
734000.0,11.65106711,1.14180669669418E-6,734000.0,74.41662125340599,48.4702920934601,43.68916317314092,44.24773243471935,7025.0,103072.0,0.0,0.0,29.0,24.0,24.0,3.0,0.0,0.0,1.0
735000.0,11.667222502,1.1437567097775321E-6,735000.0,74.40884353741497,48.457872371541164,43.673844624317624,44.259064440131,8025.0,103608.0,0.0,0.0,29.0,24.0,24.0,3.0,0.0,0.0,1.0
736000.0,11.683312872,1.1457051017099674E-6,736000.0,74.4008152173913,48.445012840792906,43.657970598437814,44.26778440704839,9025.0,103616.0,0.0,0.0,29.0,24.0,24.0,3.0,0.0,0.0,1.0
737000.0,11.700184658,1.147773466172286E-6,737000.0,74.39118046132972,48.42833325931897,43.63721066352905,44.275068350782725,10025.0,107864.0,0.0,0.0,31.0,25.0,25.0,4.0,0.0,0.0,1.0
738000.0,11.716578473,1.1497754310817763E-6,738000.0,74.38563685636856,48.419457950343805,43.63419506813371,44.2875541919759,11025.0,108136.0,0.0,0.0,31.0,25.0,25.0,4.0,0.0,0.0,1.0
739000.0,11.73314553,1.1518051006691152E-6,739000.0,74.37794316644114,48.40678083224696,43.61920699388988,44.30053185230509,12025.0,108176.0,0.0,0.0,31.0,25.0,25.0,4.0,0.0,0.0,1.0
740000.0,11.749485743,1.1537977129813237E-6,740000.0,74.3727027027027,48.39908849843909,43.60625903259763,44.31694727137126,13025.0,108192.0,0.0,0.0,31.0,25.0,25.0,4.0,0.0,0.0,1.0
741000.0,11.765744909,1.155786902804221E-6,741000.0,74.36410256410257,48.384437429139204,43.590109071040196,44.32336424493242,14025.0,108192.0,0.0,0.0,31.0,25.0,25.0,4.0,0.0,0.0,1.0
742000.0,11.782056455,1.1577739938021406E-6,742000.0,74.35970350404313,48.37872148232501,43.58035272102892,44.342735777851885,15025.0,108192.0,0.0,0.0,31.0,25.0,25.0,4.0,0.0,0.0,1.0
743000.0,11.79836182,1.1597666085195083E-6,743000.0,74.35329744279946,48.368519166014565,43.57436854105593,44.353267900372906,16025.0,108192.0,0.0,0.0,31.0,25.0,25.0,4.0,0.0,0.0,1.0
744000.0,11.81530653,1.1613756032872197E-6,744000.0,74.34126344086022,48.35144698887086,43.54747133030915,44.35557446957353,449.0,4560.0,2.0,0.0,1.0,1.0,1.0,0.0,0.0,0.0,1.0
745000.0,11.829480888,1.1627391975437972E-6,745000.0,74.32590604026845,48.32593043510244,43.51693263563236,44.34865593822465,1449.0,8488.0,0.0,0.0,3.0,2.0,2.0,1.0,0.0,0.0,1.0
746000.0,11.843285148,1.164074701569763E-6,746000.0,74.31380697050939,48.30572724296188,43.497222320512385,44.34420682383901,2449.0,9104.0,0.0,0.0,3.0,2.0,2.0,1.0,0.0,0.0,1.0
747000.0,11.857864196,1.1654596066417997E-6,747000.0,74.2962516733601,48.275163373835994,43.46399936399317,44.32804662356113,569.0,4560.0,2.0,0.0,1.0,1.0,1.0,0.0,0.0,0.0,1.0
748000.0,11.87207946,1.1668129556802285E-6,748000.0,74.28248663101604,48.25130526145064,43.43694224814976,44.32294756949972,97.0,4560.0,1.0,0.0,1.0,1.0,1.0,0.0,0.0,0.0,1.0
749000.0,11.885284423,1.1680753672710162E-6,749000.0,74.26515353805073,48.22378986393983,43.39837613237603,44.309744075719834,1097.0,4560.0,0.0,0.0,1.0,1.0,1.0,0.0,0.0,0.0,1.0
750000.0,11.899358353,1.1694323003361476E-6,750000.0,74.24680000000001,48.19253381469806,43.36587039323026,44.29251269035534,2097.0,9024.0,0.0,0.0,3.0,2.0,2.0,1.0,0.0,0.0,1.0
751000.0,11.9127415,1.1707280051791273E-6,751000.0,74.23328894806924,48.171867627304636,43.343005126733686,44.28955565919862,3097.0,9088.0,0.0,0.0,3.0,2.0,2.0,1.0,0.0,0.0,1.0
752000.0,11.926672994,1.1720517432545765E-6,752000.0,74.22114361702128,48.15355036824984,43.320644165321745,44.291084021587324,641.0,4560.0,1.0,0.0,1.0,1.0,1.0,0.0,0.0,0.0,1.0
753000.0,11.940733123,1.1733917195792164E-6,753000.0,74.20610889774237,48.12777854136493,43.292253880942575,44.28022261747662,777.0,4560.0,1.0,0.0,1.0,1.0,1.0,0.0,0.0,0.0,1.0
754000.0,11.954860561,1.174758021904172E-6,754000.0,74.1895225464191,48.09940066212278,43.26193370826154,44.26675983653271,1777.0,8496.0,0.0,0.0,3.0,2.0,2.0,1.0,0.0,0.0,1.0
755000.0,11.96806671,1.1760317254704028E-6,755000.0,74.17390728476822,48.07476633448406,43.22828409878356,44.25741640199086,2777.0,8960.0,0.0,0.0,3.0,2.0,2.0,1.0,0.0,0.0,1.0
756000.0,11.981913323,1.177373017735512E-6,756000.0,74.16481481481482,48.05996095133642,43.21243945129646,44.26193017402274,3777.0,9096.0,0.0,0.0,3.0,2.0,2.0,1.0,0.0,0.0,1.0
757000.0,11.996454333,1.178790091423423E-6,757000.0,74.15151915455746,48.0360585817331,43.184213659156974,44.255724049125554,4777.0,13640.0,0.0,0.0,5.0,3.0,3.0,2.0,0.0,0.0,1.0
758000.0,12.010844022,1.1801566513758026E-6,758000.0,74.14261213720317,48.021503120533545,43.16909310747765,44.2608265365321,145.0,4560.0,1.0,0.0,1.0,1.0,1.0,0.0,0.0,0.0,1.0
759000.0,12.024773918,1.1814795457075989E-6,759000.0,74.12213438735178,47.985645721552,43.1301809927238,44.23839630703191,953.0,4560.0,1.0,0.0,1.0,1.0,1.0,0.0,0.0,0.0,1.0
760000.0,12.039064087,1.1828361812445954E-6,760000.0,74.11210526315789,47.96975615614621,43.10961522335666,44.242857061887506,1.0,3760.0,1.0,0.0,1.0,1.0,1.0,0.0,0.0,0.0,1.0
761000.0,12.052577094,1.184127203243445E-6,761000.0,74.09973718791065,47.95010952323715,43.08472853487956,44.23921284613382,1001.0,4560.0,0.0,0.0,1.0,1.0,1.0,0.0,0.0,0.0,1.0
762000.0,12.066415564,1.1854441644880422E-6,762000.0,74.08635170603675,47.927325458913444,43.05825900645656,44.23741641062715,2001.0,4560.0,0.0,0.0,1.0,1.0,1.0,0.0,0.0,0.0,1.0
763000.0,12.080865257,1.1868418721975343E-6,763000.0,74.07653997378767,47.91154576317937,43.037996555716184,44.24119413083007,3001.0,9088.0,0.0,0.0,3.0,2.0,2.0,1.0,0.0,0.0,1.0
764000.0,12.095492194,1.1882633844214096E-6,764000.0,74.06675392670157,47.894053425137635,43.01991843965512,44.24134971224337,4001.0,13032.0,0.0,0.0,5.0,3.0,3.0,2.0,0.0,0.0,1.0
765000.0,12.109937965,1.189690131456359E-6,765000.0,74.05934640522875,47.88169562815459,43.00558611083187,44.24969448385328,5001.0,17584.0,0.0,0.0,7.0,4.0,4.0,2.0,0.0,0.0,1.0
766000.0,12.125463556,1.1911630234184092E-6,766000.0,74.05156657963447,47.869290147396,42.98797890069041,44.259357411473715,81.0,4560.0,2.0,0.0,1.0,1.0,1.0,0.0,0.0,0.0,1.0
767000.0,12.138886507,1.1924409411432383E-6,767000.0,74.03194263363756,47.83443793741767,42.95121315494757,44.23882886842687,1081.0,4560.0,0.0,0.0,1.0,1.0,1.0,0.0,0.0,0.0,1.0
768000.0,12.152694568,1.1937608382216443E-6,768000.0,74.01848958333333,47.81018193577824,42.928157516889485,44.22636151205824,2081.0,4560.0,0.0,0.0,1.0,1.0,1.0,0.0,0.0,0.0,1.0
769000.0,12.16687217,1.1951245391615082E-6,769000.0,74.00520156046814,47.7878032339711,42.8963192549955,44.227131449871365,3081.0,9104.0,0.0,0.0,3.0,2.0,2.0,1.0,0.0,0.0,1.0
770000.0,12.180731526,1.19646296408766E-6,770000.0,73.99454545454546,47.76932130328807,42.873852438906106,44.230051524857274,4081.0,9104.0,0.0,0.0,3.0,2.0,2.0,1.0,0.0,0.0,1.0
771000.0,12.195817073,1.197905723928548E-6,771000.0,73.98261997405966,47.748055373562124,42.851200701988304,44.22816534091066,537.0,4560.0,1.0,0.0,1.0,1.0,1.0,0.0,0.0,0.0,1.0
772000.0,12.209677635,1.1992259924031707E-6,772000.0,73.97292746113989,47.731908925779905,42.832633899992885,44.23208759488752,1537.0,4560.0,0.0,0.0,1.0,1.0,1.0,0.0,0.0,0.0,1.0
773000.0,12.224103472,1.200622437492917E-6,773000.0,73.96222509702459,47.71437575713958,42.81346869077756,44.23609725823969,2537.0,8984.0,0.0,0.0,3.0,2.0,2.0,1.0,0.0,0.0,1.0
774000.0,12.238024368,1.201963348164469E-6,774000.0,73.95090439276485,47.694571619987414,42.795209574042495,44.23099796142474,3537.0,9104.0,0.0,0.0,3.0,2.0,2.0,1.0,0.0,0.0,1.0
775000.0,12.253046296,1.2034511657515268E-6,775000.0,73.94116129032258,47.677161968859615,42.777159145323836,44.23354116847901,4537.0,18080.0,0.0,0.0,7.0,4.0,4.0,2.0,0.0,0.0,1.0
776000.0,12.272941029,1.205827537777382E-6,776000.0,73.93324742268041,47.66345035198584,42.76247096074998,44.238858963827134,5537.0,99016.0,0.0,0.0,27.0,23.0,23.0,3.0,0.0,0.0,1.0
777000.0,12.29093052,1.2075344000095022E-6,777000.0,73.92458172458173,47.64767096186954,42.75162683981951,44.23498779316363,233.0,4560.0,2.0,0.0,1.0,1.0,1.0,0.0,0.0,0.0,1.0
778000.0,12.304017477,1.2087811423293704E-6,778000.0,73.91002570694087,47.62419042486839,42.72395587899173,44.22798986662856,1233.0,4560.0,0.0,0.0,1.0,1.0,1.0,0.0,0.0,0.0,1.0
779000.0,12.317515831,1.2100645625401036E-6,779000.0,73.89627727856227,47.60102702989855,42.69853525476648,44.224497576683504,2233.0,4560.0,0.0,0.0,1.0,1.0,1.0,0.0,0.0,0.0,1.0
780000.0,12.331852596,1.2114501302813756E-6,780000.0,73.8773076923077,47.566176005239655,42.65906462206937,44.20444432274053,3233.0,9096.0,0.0,0.0,3.0,2.0,2.0,1.0,0.0,0.0,1.0
781000.0,12.346313881,1.212858506677585E-6,781000.0,73.86811779769526,47.550884162029895,42.64121884248187,44.2090472701825,4233.0,13632.0,0.0,0.0,5.0,3.0,3.0,2.0,0.0,0.0,1.0
782000.0,12.361183021,1.2142768768759192E-6,782000.0,73.85549872122762,47.530098847671994,42.615036572564115,44.2076365541632,753.0,4560.0,1.0,0.0,1.0,1.0,1.0,0.0,0.0,0.0,1.0
783000.0,12.375013318,1.2156014755622107E-6,783000.0,73.84623243933589,47.515490243951355,42.59975053606717,44.21270567723658,1753.0,4560.0,0.0,0.0,1.0,1.0,1.0,0.0,0.0,0.0,1.0
784000.0,12.388920709,1.2169408839039749E-6,784000.0,73.83329081632654,47.49442157662495,42.57429899870955,44.20956732207447,2753.0,9096.0,0.0,0.0,3.0,2.0,2.0,1.0,0.0,0.0,1.0
785000.0,12.403477006,1.218365352020909E-6,785000.0,73.82089171974522,47.47240055241145,42.548105820224144,44.20343566477424,3753.0,13528.0,0.0,0.0,5.0,3.0,3.0,2.0,0.0,0.0,1.0
786000.0,12.418029129,1.2197991395151052E-6,786000.0,73.81488549618321,47.46279471022148,42.53802599839184,44.21571603586412,4753.0,18056.0,0.0,0.0,7.0,4.0,4.0,2.0,0.0,0.0,1.0
787000.0,12.431715062,1.2211528799626207E-6,787000.0,73.81003811944092,47.45355080773896,42.534007299127616,44.22963488086412,5753.0,18064.0,0.0,0.0,7.0,4.0,4.0,2.0,0.0,0.0,1.0
788000.0,12.446299359,1.2225393702668404E-6,788000.0,73.79492385786803,47.427561115658946,42.502805304880255,44.2208734126952,97.0,4560.0,2.0,0.0,1.0,1.0,1.0,0.0,0.0,0.0,1.0
789000.0,12.460036848,1.223848427356086E-6,789000.0,73.78238276299113,47.40628475281695,42.47580645161291,44.219189459576796,1097.0,4560.0,0.0,0.0,1.0,1.0,1.0,0.0,0.0,0.0,1.0
790000.0,12.473892078,1.2251740376106045E-6,790000.0,73.76683544303798,47.377808216063755,42.44476845101713,44.2068451219151,2097.0,4560.0,0.0,0.0,1.0,1.0,1.0,0.0,0.0,0.0,1.0
791000.0,12.488407721,1.2265727771978718E-6,791000.0,73.7582806573957,47.363233115441766,42.431461733667994,44.20722447257157,3097.0,9104.0,0.0,0.0,3.0,2.0,2.0,1.0,0.0,0.0,1.0
792000.0,12.502403419,1.2279268020442022E-6,792000.0,73.74709595959595,47.3428308811495,42.412374845937585,44.20211681104348,4097.0,9104.0,0.0,0.0,3.0,2.0,2.0,1.0,0.0,0.0,1.0
793000.0,12.51804335,1.2294119007650635E-6,793000.0,73.73619167717528,47.32293970981557,42.38847503948705,44.19965438251016,553.0,4560.0,1.0,0.0,1.0,1.0,1.0,0.0,0.0,0.0,1.0
794000.0,12.532365504,1.230776493235495E-6,794000.0,73.72040302267003,47.29346977588061,42.355453523290144,44.187514544253304,401.0,4560.0,1.0,0.0,1.0,1.0,1.0,0.0,0.0,0.0,1.0
795000.0,12.546223826,1.2321022272320211E-6,795000.0,73.70704402515723,47.26915709368486,42.32966851057371,44.180190188292286,1401.0,4560.0,0.0,0.0,1.0,1.0,1.0,0.0,0.0,0.0,1.0
796000.0,12.560659245,1.2334927882326825E-6,796000.0,73.69271356783919,47.242409979610755,42.301747154433464,44.166291164182134,2401.0,9080.0,0.0,0.0,3.0,2.0,2.0,1.0,0.0,0.0,1.0
797000.0,12.574953475,1.2348536551448678E-6,797000.0,73.68506900878293,47.22948228473464,42.28562465429989,44.17516429638028,233.0,4560.0,1.0,0.0,1.0,1.0,1.0,0.0,0.0,0.0,1.0
798000.0,12.588508289,1.2361412653275845E-6,798000.0,73.67092731829574,47.20479998965239,42.25937743040957,44.16544202646287,1233.0,4560.0,0.0,0.0,1.0,1.0,1.0,0.0,0.0,0.0,1.0
799000.0,12.602945766,1.2375345344853108E-6,799000.0,73.65969962453066,47.18544454379799,42.233488047825155,44.165112447636304,2233.0,8888.0,0.0,0.0,3.0,2.0,2.0,1.0,0.0,0.0,1.0
800000.0,12.616286211,1.2388277892619513E-6,800000.0,73.64475,47.15977220939362,42.20656762238914,44.15476748590243,3233.0,9096.0,0.0,0.0,3.0,2.0,2.0,1.0,0.0,0.0,1.0
801000.0,12.631705233,1.2402940175861138E-6,801000.0,73.62759051186018,47.12556711020035,42.171468304808215,44.11723468364678,105.0,4560.0,2.0,0.0,1.0,1.0,1.0,0.0,0.0,0.0,1.0
802000.0,12.645781865,1.2416380138792446E-6,802000.0,73.6135910224439,47.09740937359061,42.14629985537874,44.08758121236621,1105.0,4560.0,0.0,0.0,1.0,1.0,1.0,0.0,0.0,0.0,1.0
803000.0,12.66057086,1.2430415769012683E-6,803000.0,73.60149439601494,47.07248256199373,42.12434610722203,44.063140728778265,473.0,4560.0,2.0,0.0,1.0,1.0,1.0,0.0,0.0,0.0,1.0
804000.0,12.674938134,1.2444093978895203E-6,804000.0,73.58532338308457,47.03949730118576,42.09676803699281,44.02888505277584,513.0,4560.0,1.0,0.0,1.0,1.0,1.0,0.0,0.0,0.0,1.0
805000.0,12.690917207,1.24592455046097E-6,805000.0,73.5785093167702,47.02545934459116,42.089844015889746,44.01298246630009,9.0,4520.0,1.0,0.0,1.0,1.0,1.0,0.0,0.0,0.0,1.0
806000.0,12.705349825,1.2472978755791153E-6,806000.0,73.56377171215881,46.99506314610805,42.06475013798897,43.97587352003135,945.0,4560.0,1.0,0.0,1.0,1.0,1.0,0.0,0.0,0.0,1.0
807000.0,12.719480494,1.248647908516822E-6,807000.0,73.55625774473357,46.97941344930989,42.0516970300955,43.95864408916154,1945.0,4560.0,0.0,0.0,1.0,1.0,1.0,0.0,0.0,0.0,1.0
808000.0,12.735706272,1.2501900470798647E-6,808000.0,73.54467821782178,46.95643467071164,42.032715222449404,43.93427143850077,801.0,4560.0,1.0,0.0,1.0,1.0,1.0,0.0,0.0,0.0,1.0
809000.0,12.752098692,1.2517459881650096E-6,809000.0,73.53485784919654,46.93559771382839,42.01914614165979,43.91010023211097,265.0,4560.0,2.0,0.0,1.0,1.0,1.0,0.0,0.0,0.0,1.0
810000.0,12.766036303,1.2530689228862813E-6,810000.0,73.52246913580247,46.91027759950314,42.00118989669534,43.882693404643916,1265.0,4560.0,0.0,0.0,1.0,1.0,1.0,0.0,0.0,0.0,1.0
811000.0,12.780544985,1.2544473238561384E-6,811000.0,73.50727496917386,46.879160947336715,41.97675894494361,43.84948894922944,537.0,4560.0,2.0,0.0,1.0,1.0,1.0,0.0,0.0,0.0,1.0
812000.0,12.795360938,1.2558536293307587E-6,812000.0,73.49150246305419,46.84772321427852,41.94885542298648,43.81931267405655,33.0,4560.0,2.0,0.0,1.0,1.0,1.0,0.0,0.0,0.0,1.0
813000.0,12.809574925,1.2572059742733008E-6,813000.0,73.47392373923739,46.81229398177777,41.916674073296,43.783106022689346,841.0,4560.0,1.0,0.0,1.0,1.0,1.0,0.0,0.0,0.0,1.0
814000.0,12.823414449,1.2585280195938796E-6,814000.0,73.46498771498771,46.794029118410144,41.90340679853465,43.764043042331565,1841.0,4560.0,0.0,0.0,1.0,1.0,1.0,0.0,0.0,0.0,1.0
815000.0,12.837928059,1.2599063480755066E-6,815000.0,73.44564417177915,46.753817658535986,41.869997313994105,43.722338085158405,729.0,4560.0,2.0,0.0,1.0,1.0,1.0,0.0,0.0,0.0,1.0
816000.0,12.852226394,1.2612688486603047E-6,816000.0,73.43480392156863,46.7323997331775,41.8525363669772,43.69924030907083,929.0,4560.0,1.0,0.0,1.0,1.0,1.0,0.0,0.0,0.0,1.0
817000.0,12.868042336,1.2627688603057525E-6,817000.0,73.42778457772337,46.71849930294985,41.840933566939384,43.68307184659444,73.0,4552.0,1.0,0.0,1.0,1.0,1.0,0.0,0.0,0.0,1.0
818000.0,12.882519063,1.2641462028165493E-6,818000.0,73.41515892420539,46.6927783150552,41.8172089041096,43.65239562307448,657.0,4560.0,1.0,0.0,1.0,1.0,1.0,0.0,0.0,0.0,1.0
819000.0,12.898731087,1.2656858262750837E-6,819000.0,73.40402930402931,46.670327358114946,41.801417151162795,43.630585610881504,185.0,4560.0,2.0,0.0,1.0,1.0,1.0,0.0,0.0,0.0,1.0
820000.0,12.912609136,1.267004486131252E-6,820000.0,73.39121951219512,46.64439181206792,41.77509740086461,43.60346249182584,1185.0,4560.0,0.0,0.0,1.0,1.0,1.0,0.0,0.0,0.0,1.0
821000.0,12.926477123,1.268327700562568E-6,821000.0,73.38136419001218,46.62433548898668,41.759275545393,43.58274688792395,2185.0,4560.0,0.0,0.0,1.0,1.0,1.0,0.0,0.0,0.0,1.0
822000.0,12.941343969,1.2697417904925305E-6,822000.0,73.36386861313868,46.589109562898436,41.72905416734311,43.54627447542531,625.0,4560.0,2.0,0.0,1.0,1.0,1.0,0.0,0.0,0.0,1.0
823000.0,12.955204634,1.2710617245449353E-6,823000.0,73.35212636695019,46.564848604351944,41.706448354686096,43.51952242742026,1625.0,4560.0,0.0,0.0,1.0,1.0,1.0,0.0,0.0,0.0,1.0
824000.0,12.96957161,1.2724337988549202E-6,824000.0,73.34174757281554,46.5437963209548,41.690844466624014,43.494354940359656,353.0,4560.0,1.0,0.0,1.0,1.0,1.0,0.0,0.0,0.0,1.0
825000.0,12.983502428,1.2737579916618372E-6,825000.0,73.32787878787879,46.51575634259516,41.664810926597525,43.4646996405604,1353.0,4560.0,0.0,0.0,1.0,1.0,1.0,0.0,0.0,0.0,1.0
826000.0,12.998870095,1.2752946189897322E-6,826000.0,73.31828087167071,46.49599958581097,41.64780203923314,43.44192038432323,2353.0,22112.0,0.0,0.0,6.0,5.0,5.0,1.0,0.0,0.0,1.0
827000.0,13.014197305,1.2767498327789395E-6,827000.0,73.30084643288997,46.45878701828285,41.61025196217395,43.40282316874676,345.0,4560.0,3.0,0.0,1.0,1.0,1.0,0.0,0.0,0.0,1.0
828000.0,13.028058142,1.2780699553294978E-6,828000.0,73.28574879227054,46.42785749405354,41.58028043282474,43.36810196066384,1345.0,4560.0,0.0,0.0,1.0,1.0,1.0,0.0,0.0,0.0,1.0
829000.0,13.044323103,1.2796142021642522E-6,829000.0,73.2745476477684,46.40545318510172,41.557437806155164,43.34439744894568,425.0,4560.0,2.0,0.0,1.0,1.0,1.0,0.0,0.0,0.0,1.0
830000.0,13.058606262,1.2809729508954246E-6,830000.0,73.26204819277109,46.37967690641819,41.53853043526367,43.31779579848031,337.0,4560.0,1.0,0.0,1.0,1.0,1.0,0.0,0.0,0.0,1.0
831000.0,13.072494053,1.282299434554128E-6,831000.0,73.25138387484958,46.357918246718775,41.52238939473262,43.29421668920125,1337.0,4560.0,0.0,0.0,1.0,1.0,1.0,0.0,0.0,0.0,1.0
832000.0,13.086403954,1.2836195663604887E-6,832000.0,73.23581730769232,46.32667392328443,41.494135698671606,43.26198126211885,2337.0,4560.0,0.0,0.0,1.0,1.0,1.0,0.0,0.0,0.0,1.0
833000.0,13.102213405,1.285121154583252E-6,833000.0,73.22773109243698,46.310708676973555,41.48038132624492,43.24560242680891,361.0,4560.0,1.0,0.0,1.0,1.0,1.0,0.0,0.0,0.0,1.0
834000.0,13.11664263,1.2864961277882219E-6,834000.0,73.21870503597123,46.29237958018283,41.471160875956784,43.22679694370872,913.0,4560.0,1.0,0.0,1.0,1.0,1.0,0.0,0.0,0.0,1.0
835000.0,13.133049258,1.288054843593509E-6,835000.0,73.20826347305389,46.27110108908965,41.45024562468757,43.204269244732615,377.0,4560.0,2.0,0.0,1.0,1.0,1.0,0.0,0.0,0.0,1.0
836000.0,13.147814201,1.289456857321248E-6,836000.0,73.1950956937799,46.24393090908534,41.42704420763183,43.17524236023237,353.0,4560.0,2.0,0.0,1.0,1.0,1.0,0.0,0.0,0.0,1.0
837000.0,13.161657528,1.2907715303684484E-6,837000.0,73.18375149342891,46.21990519512277,41.40919485021563,43.145474855806874,1353.0,4560.0,0.0,0.0,1.0,1.0,1.0,0.0,0.0,0.0,1.0
838000.0,13.176974974,1.2923015509981127E-6,838000.0,73.17541766109785,46.20234257440381,41.39500688274309,43.12670304897949,2353.0,22048.0,0.0,0.0,6.0,5.0,5.0,1.0,0.0,0.0,1.0
839000.0,13.192690143,1.2937930134060216E-6,839000.0,73.16078665077474,46.173585535875254,41.37041299332942,43.09903927306175,57.0,4560.0,3.0,0.0,1.0,1.0,1.0,0.0,0.0,0.0,1.0
840000.0,13.207765324,1.2952228011802545E-6,840000.0,73.14309523809524,46.13674546118804,41.334546872968396,43.05970959184858,129.0,4560.0,3.0,0.0,1.0,1.0,1.0,0.0,0.0,0.0,1.0
841000.0,13.222020776,1.296579976274334E-6,841000.0,73.13020214030915,46.10986700353338,41.31662663117574,43.03012426353247,137.0,4560.0,1.0,0.0,1.0,1.0,1.0,0.0,0.0,0.0,1.0
842000.0,13.236724123,1.2979768714413069E-6,842000.0,73.10795724465558,46.06462831542375,41.27369867987655,42.98372841408694,465.0,4560.0,2.0,0.0,1.0,1.0,1.0,0.0,0.0,0.0,1.0
843000.0,13.250580585,1.2992986420854162E-6,843000.0,73.09869513641756,46.04590233982634,41.25774499036409,42.9625624064689,1465.0,4560.0,0.0,0.0,1.0,1.0,1.0,0.0,0.0,0.0,1.0
844000.0,13.264479897,1.3006298506932687E-6,844000.0,73.0888625592417,46.02604894230923,41.245249926921964,42.9387558221914,2465.0,4560.0,0.0,0.0,1.0,1.0,1.0,0.0,0.0,0.0,1.0
845000.0,13.280803614,1.302176500344616E-6,845000.0,73.081775147929,46.011362946977265,41.23584562005421,42.922493594874894,9.0,4384.0,2.0,0.0,1.0,1.0,1.0,0.0,0.0,0.0,1.0
846000.0,13.294661236,1.3034954563003491E-6,846000.0,73.06950354609928,45.98620968296265,41.216781051653854,42.894811376322465,1009.0,4560.0,0.0,0.0,1.0,1.0,1.0,0.0,0.0,0.0,1.0
847000.0,13.310525069,1.3049993862064205E-6,847000.0,73.06127508854782,45.96957653336917,41.20122457183794,42.87985219973064,25.0,4544.0,1.0,0.0,1.0,1.0,1.0,0.0,0.0,0.0,1.0
848000.0,13.325297223,1.3064031852700874E-6,848000.0,73.04481132075472,45.93600580577558,41.16768932998395,42.84499787462806,545.0,4560.0,2.0,0.0,1.0,1.0,1.0,0.0,0.0,0.0,1.0
849000.0,13.339140141,1.3077173037864953E-6,849000.0,73.03474676089517,45.91526323086097,41.15416844453813,42.82499731525858,1545.0,4560.0,0.0,0.0,1.0,1.0,1.0,0.0,0.0,0.0,1.0
850000.0,13.355366026,1.3092554227769543E-6,850000.0,73.02694117647059,45.899465199490244,41.14284100652567,42.807358902400985,17.0,4560.0,2.0,0.0,1.0,1.0,1.0,0.0,0.0,0.0,1.0
851000.0,13.369094634,1.3105620992965999E-6,851000.0,73.00763807285546,45.85988922455796,41.10837924660362,42.76662646880015,1017.0,4560.0,0.0,0.0,1.0,1.0,1.0,0.0,0.0,0.0,1.0
852000.0,13.383349465,1.311917091133692E-6,852000.0,72.99542253521126,45.83489863797725,41.086202261000935,42.73707422211381,545.0,4560.0,1.0,0.0,1.0,1.0,1.0,0.0,0.0,0.0,1.0
853000.0,13.397232685,1.3132422762124471E-6,853000.0,72.98288393903869,45.80900255306617,41.06451918134368,42.707553853994455,1545.0,4560.0,0.0,0.0,1.0,1.0,1.0,0.0,0.0,0.0,1.0
854000.0,13.413589985,1.3147928525762408E-6,854000.0,72.97622950819672,45.795426623120676,41.055962648999184,42.696777077022396,17.0,4512.0,2.0,0.0,1.0,1.0,1.0,0.0,0.0,0.0,1.0
855000.0,13.427429711,1.3161102770635013E-6,855000.0,72.95941520467835,45.7612598075442,41.02207619271133,42.6594742063492,1017.0,4560.0,0.0,0.0,1.0,1.0,1.0,0.0,0.0,0.0,1.0
856000.0,13.441760524,1.3174749827307508E-6,856000.0,72.94789719626168,45.73772102293341,41.00274392807188,42.633972809068915,321.0,4560.0,1.0,0.0,1.0,1.0,1.0,0.0,0.0,0.0,1.0
857000.0,13.455608891,1.3187939176237236E-6,857000.0,72.93815635939323,45.717168173644296,40.989980102692506,42.61096360230526,1321.0,4560.0,0.0,0.0,1.0,1.0,1.0,0.0,0.0,0.0,1.0
858000.0,13.470988446,1.3203341845241607E-6,858000.0,72.93158508158508,45.703442573159116,40.9865099390419,42.59794313848101,2321.0,22008.0,0.0,0.0,6.0,5.0,5.0,1.0,0.0,0.0,1.0
859000.0,13.486598508,1.3218163177901056E-6,859000.0,72.91664726426077,45.67244792112526,40.95518963696907,42.56320871405047,25.0,4528.0,3.0,0.0,1.0,1.0,1.0,0.0,0.0,0.0,1.0
860000.0,13.501278443,1.3232109886941504E-6,860000.0,72.8996511627907,45.63845930176439,40.92222599631942,42.52552976890659,321.0,4560.0,2.0,0.0,1.0,1.0,1.0,0.0,0.0,0.0,1.0
861000.0,13.515147341,1.3245341178296573E-6,861000.0,72.88977932636469,45.619099948749536,40.90882624710454,42.50947629755697,1321.0,4560.0,0.0,0.0,1.0,1.0,1.0,0.0,0.0,0.0,1.0
862000.0,13.530939008,1.3260317945090562E-6,862000.0,72.88596287703017,45.611198410401016,40.90293054185947,42.49904051487448,49.0,4544.0,1.0,0.0,1.0,1.0,1.0,0.0,0.0,0.0,1.0
863000.0,13.545230182,1.3273918380903043E-6,863000.0,72.8675550405562,45.5738293019187,40.869409307740284,42.460209219518305,921.0,4560.0,1.0,0.0,1.0,1.0,1.0,0.0,0.0,0.0,1.0
864000.0,13.560046354,1.3287970297975677E-6,864000.0,72.85532407407408,45.54875102026117,40.849340220330106,42.43264007697577,65.0,4552.0,2.0,0.0,1.0,1.0,1.0,0.0,0.0,0.0,1.0
865000.0,13.574350242,1.330155411797365E-6,865000.0,72.84080924855492,45.51946792840631,40.82666901754342,42.40319504170324,41.0,4552.0,1.0,0.0,1.0,1.0,1.0,0.0,0.0,0.0,1.0
866000.0,13.588204559,1.3314702683536486E-6,866000.0,72.8284064665127,45.493936464399916,40.800841295958065,42.37385264931478,1041.0,4560.0,0.0,0.0,1.0,1.0,1.0,0.0,0.0,0.0,1.0
867000.0,13.60199758,1.3327846171347223E-6,867000.0,72.81718569780854,45.47149075882456,40.78830011481807,42.355341073913834,2041.0,4560.0,0.0,0.0,1.0,1.0,1.0,0.0,0.0,0.0,1.0
868000.0,13.615864177,1.3341113149360923E-6,868000.0,72.80783410138248,45.45227339558593,40.77430913648647,42.33472674545023,3041.0,4560.0,0.0,0.0,1.0,1.0,1.0,0.0,0.0,0.0,1.0
869000.0,13.631092508,1.335556920223851E-6,869000.0,72.7964326812428,45.42890729610229,40.755693893099156,42.308217941146324,41.0,4552.0,3.0,0.0,1.0,1.0,1.0,0.0,0.0,0.0,1.0
870000.0,13.645046802,1.3368869834058217E-6,870000.0,72.78689655172414,45.409904199247016,40.738311815091635,42.28834134498191,1041.0,4560.0,0.0,0.0,1.0,1.0,1.0,0.0,0.0,0.0,1.0
871000.0,13.661235527,1.3384231880509732E-6,871000.0,72.78036739380023,45.39660972092943,40.73458388745012,42.277089836046414,249.0,4560.0,2.0,0.0,1.0,1.0,1.0,0.0,0.0,0.0,1.0
872000.0,13.675848947,1.3398115396807717E-6,872000.0,72.76743119266055,45.37009373012917,40.71318541672388,42.25168526210324,513.0,4560.0,2.0,0.0,1.0,1.0,1.0,0.0,0.0,0.0,1.0
873000.0,13.689960548,1.3411560709901219E-6,873000.0,72.75200458190149,45.3382200581812,40.682953346815516,42.21847065682083,745.0,4560.0,1.0,0.0,1.0,1.0,1.0,0.0,0.0,0.0,1.0
874000.0,13.703778405,1.342471242149042E-6,874000.0,72.74473684210527,45.32322804129604,40.6703295608512,42.20045470758226,1745.0,4560.0,0.0,0.0,1.0,1.0,1.0,0.0,0.0,0.0,1.0
875000.0,13.718102152,1.3438393658720229E-6,875000.0,72.73382857142857,45.301164585214245,40.65405682389171,42.17836611635144,857.0,4560.0,1.0,0.0,1.0,1.0,1.0,0.0,0.0,0.0,1.0
876000.0,13.734346283,1.3453800213312732E-6,876000.0,72.7271689497717,45.28743937057948,40.64362573012241,42.16290543582991,129.0,4560.0,2.0,0.0,1.0,1.0,1.0,0.0,0.0,0.0,1.0
877000.0,13.748139955,1.3466937470075945E-6,877000.0,72.71870011402508,45.26953257479337,40.62924950618876,42.1423510435836,1129.0,4560.0,0.0,0.0,1.0,1.0,1.0,0.0,0.0,0.0,1.0
878000.0,13.761943495,1.3480137261506131E-6,878000.0,72.7126423690205,45.2568263983276,40.62232025576841,42.12705414016584,2129.0,4560.0,0.0,0.0,1.0,1.0,1.0,0.0,0.0,0.0,1.0
879000.0,13.778113143,1.3495477189350668E-6,879000.0,72.70420932878271,45.239455731456964,40.609328046021396,42.10923795943087,153.0,4560.0,2.0,0.0,1.0,1.0,1.0,0.0,0.0,0.0,1.0
880000.0,13.792527783,1.3509170064254148E-6,880000.0,72.685,45.200245982247345,40.57244010195833,42.068426989038954,513.0,4560.0,2.0,0.0,1.0,1.0,1.0,0.0,0.0,0.0,1.0
881000.0,13.806821247,1.352276735465332E-6,881000.0,72.67105561861521,45.172327657544436,40.5443581246265,42.03780561788016,777.0,4560.0,1.0,0.0,1.0,1.0,1.0,0.0,0.0,0.0,1.0
882000.0,13.820687484,1.3536011604072257E-6,882000.0,72.66077097505669,45.151085952632904,40.52496830556884,42.01355322454201,1777.0,4560.0,0.0,0.0,1.0,1.0,1.0,0.0,0.0,0.0,1.0
883000.0,13.836734381,1.355125102085198E-6,883000.0,72.64450736126841,45.11716926358765,40.496085609132436,41.978434287992826,825.0,4560.0,2.0,0.0,1.0,1.0,1.0,0.0,0.0,0.0,1.0
884000.0,13.851029834,1.3564871505260405E-6,884000.0,72.635407239819,45.09871241630965,40.47984607132488,41.959206393765555,865.0,4560.0,1.0,0.0,1.0,1.0,1.0,0.0,0.0,0.0,1.0
885000.0,13.866397085,1.3580264396105086E-6,885000.0,72.62983050847458,45.087260431367255,40.47726116668756,41.94772980551462,1865.0,21880.0,0.0,0.0,6.0,5.0,5.0,1.0,0.0,0.0,1.0
886000.0,13.881883952,1.3594989271529702E-6,886000.0,72.61817155756208,45.06250523091753,40.455439080482336,41.91918103706257,625.0,4560.0,2.0,0.0,1.0,1.0,1.0,0.0,0.0,0.0,1.0
887000.0,13.89580925,1.360828301592252E-6,887000.0,72.60462232243518,45.03397445057804,40.42920916960234,41.889545728470175,1625.0,4560.0,0.0,0.0,1.0,1.0,1.0,0.0,0.0,0.0,1.0
888000.0,13.912089139,1.3623733592654103E-6,888000.0,72.5920045045045,45.00870169245964,40.408210236106726,41.86480353517258,289.0,4560.0,2.0,0.0,1.0,1.0,1.0,0.0,0.0,0.0,1.0
889000.0,13.926359631,1.363731434609385E-6,889000.0,72.58098987626546,44.986550052583105,40.388500046465445,41.8401286529615,105.0,4560.0,1.0,0.0,1.0,1.0,1.0,0.0,0.0,0.0,1.0
890000.0,13.940253536,1.3650590198312637E-6,890000.0,72.57022471910113,44.9649000218047,40.36976243166798,41.81515272852078,1105.0,4560.0,0.0,0.0,1.0,1.0,1.0,0.0,0.0,0.0,1.0
891000.0,13.954115248,1.3663787093288471E-6,891000.0,72.5628507295174,44.94923284325685,40.35911635906755,41.796403478906804,2105.0,4560.0,0.0,0.0,1.0,1.0,1.0,0.0,0.0,0.0,1.0
892000.0,13.970461874,1.367928104704521E-6,892000.0,72.55795964125561,44.939200811567034,40.35429281545828,41.78223426191729,33.0,4520.0,2.0,0.0,1.0,1.0,1.0,0.0,0.0,0.0,1.0
893000.0,13.984811842,1.3692914270110283E-6,893000.0,72.54490481522956,44.913119682291104,40.331424482772874,41.753103900485115,329.0,4560.0,1.0,0.0,1.0,1.0,1.0,0.0,0.0,0.0,1.0
894000.0,13.9987277,1.3706188634512966E-6,894000.0,72.53568232662192,44.8944135651482,40.31557044304319,41.73431830640318,1329.0,4560.0,0.0,0.0,1.0,1.0,1.0,0.0,0.0,0.0,1.0
895000.0,14.014876165,1.3721500445300629E-6,895000.0,72.52983240223465,44.88239164420153,40.30964653098287,41.72089043125375,89.0,4560.0,2.0,0.0,1.0,1.0,1.0,0.0,0.0,0.0,1.0
896000.0,14.029207006,1.3735120835365706E-6,896000.0,72.51662946428571,44.85553256102805,40.28845710849391,41.69089789732903,545.0,4560.0,1.0,0.0,1.0,1.0,1.0,0.0,0.0,0.0,1.0
897000.0,14.043106872,1.3748386849106164E-6,897000.0,72.50936454849499,44.84053738745045,40.2775524043643,41.67488593547105,1545.0,4560.0,0.0,0.0,1.0,1.0,1.0,0.0,0.0,0.0,1.0
898000.0,14.059391562,1.3763837937923953E-6,898000.0,72.49532293986637,44.81241824816373,40.2527848667739,41.64546225614929,241.0,4560.0,2.0,0.0,1.0,1.0,1.0,0.0,0.0,0.0,1.0
899000.0,14.073718936,1.3777465707590905E-6,899000.0,72.48487208008899,44.791122503594295,40.23465341989481,41.62351852813323,665.0,4560.0,1.0,0.0,1.0,1.0,1.0,0.0,0.0,0.0,1.0
900000.0,14.087604758,1.3790647621841747E-6,900000.0,72.47311111111111,44.76756281173856,40.217708677700905,41.60251182130616,1665.0,4560.0,0.0,0.0,1.0,1.0,1.0,0.0,0.0,0.0,1.0
901000.0,14.103809313,1.3806014628821113E-6,901000.0,72.46637069922308,44.754211244078704,40.20675210234928,41.591461849791266,73.0,4560.0,2.0,0.0,1.0,1.0,1.0,0.0,0.0,0.0,1.0
902000.0,14.118085326,1.3819581136239256E-6,902000.0,72.45720620842572,44.73595478477546,40.18894089096897,41.57292800918141,561.0,4560.0,1.0,0.0,1.0,1.0,1.0,0.0,0.0,0.0,1.0
903000.0,14.132005693,1.3832828687341053E-6,903000.0,72.44717607973422,44.71562478330848,40.1708291852429,41.55132072280326,1561.0,4560.0,0.0,0.0,1.0,1.0,1.0,0.0,0.0,0.0,1.0
904000.0,14.148285507,1.384828525759652E-6,904000.0,72.44004424778761,44.7011675250707,40.16460964649996,41.53435304387823,353.0,4560.0,2.0,0.0,1.0,1.0,1.0,0.0,0.0,0.0,1.0
905000.0,14.163220899,1.386247651882246E-6,905000.0,72.43027624309393,44.680453151050465,40.152218392376135,41.5086422126315,521.0,4560.0,2.0,0.0,1.0,1.0,1.0,0.0,0.0,0.0,1.0
906000.0,14.177084032,1.3875702310216777E-6,906000.0,72.41931567328919,44.65753443889163,40.136649266085165,41.482052194765544,1521.0,4560.0,0.0,0.0,1.0,1.0,1.0,0.0,0.0,0.0,1.0
907000.0,14.19330556,1.389109548458045E-6,907000.0,72.41091510474091,44.64016709583464,40.122323866314744,41.46213085301493,217.0,4560.0,2.0,0.0,1.0,1.0,1.0,0.0,0.0,0.0,1.0
908000.0,14.207126981,1.3904255737233244E-6,908000.0,72.40044052863436,44.61899651055967,40.09933885640802,41.4394541290835,1217.0,4560.0,0.0,0.0,1.0,1.0,1.0,0.0,0.0,0.0,1.0
909000.0,14.22173999,1.391812979010954E-6,909000.0,72.38811881188118,44.59319959346022,40.07649443481499,41.40725125885047,329.0,4560.0,2.0,0.0,1.0,1.0,1.0,0.0,0.0,0.0,1.0
910000.0,14.23595291,1.3931639870012447E-6,910000.0,72.3734065934066,44.56405313647094,40.0510301411675,41.38064504094462,625.0,4560.0,1.0,0.0,1.0,1.0,1.0,0.0,0.0,0.0,1.0
911000.0,14.2507001,1.3945648643582085E-6,911000.0,72.35949506037322,44.536618101589944,40.024008974783435,41.350541180745275,473.0,4560.0,2.0,0.0,1.0,1.0,1.0,0.0,0.0,0.0,1.0
912000.0,14.264896397,1.3959167602324939E-6,912000.0,72.35032894736842,44.51767397682095,40.007993700202945,41.33337365963517,801.0,4560.0,1.0,0.0,1.0,1.0,1.0,0.0,0.0,0.0,1.0
913000.0,14.279075022,1.397267031912317E-6,913000.0,72.3446878422782,44.50633639147522,40.00147327199451,41.3205451181988,1801.0,4456.0,0.0,0.0,6.0,5.0,5.0,1.0,0.0,0.0,1.0
914000.0,14.295007289,1.3987816701372338E-6,914000.0,72.33501094091905,44.48727134846314,39.988180763124,41.30297015912811,753.0,4560.0,2.0,0.0,1.0,1.0,1.0,0.0,0.0,0.0,1.0
915000.0,14.311236641,1.400320487250971E-6,915000.0,72.32590163934425,44.46876455969988,39.97141021598799,41.281829502160036,89.0,4552.0,2.0,0.0,1.0,1.0,1.0,0.0,0.0,0.0,1.0
916000.0,14.325481319,1.401673629569436E-6,916000.0,72.30917030567684,44.43525700855208,39.94165782694347,41.247240694800574,321.0,4560.0,1.0,0.0,1.0,1.0,1.0,0.0,0.0,0.0,1.0
917000.0,14.339809265,1.4030330508251736E-6,917000.0,72.30239912758996,44.42165881603559,39.93591259518517,41.23419141975281,73.0,4552.0,1.0,0.0,1.0,1.0,1.0,0.0,0.0,0.0,1.0
918000.0,14.353918838,1.4043758120421877E-6,918000.0,72.28834422657953,44.392810071696495,39.908537521584165,41.20242500444924,721.0,4560.0,1.0,0.0,1.0,1.0,1.0,0.0,0.0,0.0,1.0
919000.0,14.369678765,1.405878176083155E-6,919000.0,72.27932535364526,44.374249260391814,39.89732531501923,41.184062280669345,825.0,4560.0,1.0,0.0,1.0,1.0,1.0,0.0,0.0,0.0,1.0
920000.0,14.383507798,1.4071932088965445E-6,920000.0,72.27489130434782,44.365097189882725,39.88711349924584,41.172441309898026,1825.0,4560.0,0.0,0.0,1.0,1.0,1.0,0.0,0.0,0.0,1.0
921000.0,14.399287461,1.408689093966782E-6,921000.0,72.2728555917481,44.36082891449409,39.884367209440825,41.168895196144376,9.0,4432.0,1.0,0.0,1.0,1.0,1.0,0.0,0.0,0.0,1.0
922000.0,14.413934179,1.41008024532624E-6,922000.0,72.25672451193059,44.32849826368689,39.85346228276229,41.13422133033856,433.0,4560.0,2.0,0.0,1.0,1.0,1.0,0.0,0.0,0.0,1.0
923000.0,14.4277677,1.4113994840646222E-6,923000.0,72.24669555796316,44.30851230526521,39.83578103825277,41.118045259685765,1433.0,4560.0,0.0,0.0,1.0,1.0,1.0,0.0,0.0,0.0,1.0
924000.0,14.443925822,1.412933185975541E-6,924000.0,72.23647186147187,44.28804989604264,39.818941896254046,41.09684974283616,385.0,4560.0,2.0,0.0,1.0,1.0,1.0,0.0,0.0,0.0,1.0
925000.0,14.45824188,1.4142955976844515E-6,925000.0,72.2238918918919,44.26167763589347,39.7948710738689,41.06619384258261,937.0,4560.0,1.0,0.0,1.0,1.0,1.0,0.0,0.0,0.0,1.0
926000.0,14.473617472,1.4158345448683056E-6,926000.0,72.2157667386609,44.24468343921082,39.78016936695705,41.04715640896383,1937.0,22064.0,0.0,0.0,6.0,5.0,5.0,1.0,0.0,0.0,1.0
927000.0,14.489240068,1.417317609542817E-6,927000.0,72.20453074433657,44.22160667915696,39.760974058765214,41.02165588183456,57.0,4560.0,3.0,0.0,1.0,1.0,1.0,0.0,0.0,0.0,1.0
928000.0,14.503030056,1.4186320117847805E-6,928000.0,72.19234913793103,44.19708662977319,39.74028460809176,40.99752379602299,1057.0,4560.0,0.0,0.0,1.0,1.0,1.0,0.0,0.0,0.0,1.0
929000.0,14.519289979,1.420173290075287E-6,929000.0,72.18729817007535,44.18658054779216,39.73475642466961,40.98393606402734,9.0,4544.0,2.0,0.0,1.0,1.0,1.0,0.0,0.0,0.0,1.0
930000.0,14.533059177,1.4214836589336352E-6,930000.0,72.17387096774193,44.1590075081178,39.70966479353631,40.95688976602517,1009.0,4560.0,0.0,0.0,1.0,1.0,1.0,0.0,0.0,0.0,1.0
931000.0,14.547593945,1.4228648991853287E-6,931000.0,72.16219119226638,44.13425891932003,39.68821340556691,40.929779896934235,601.0,4560.0,2.0,0.0,1.0,1.0,1.0,0.0,0.0,0.0,1.0
932000.0,14.561904258,1.4242248094590897E-6,932000.0,72.15472103004292,44.11909098429554,39.67924133602958,40.91443090541501,769.0,4560.0,1.0,0.0,1.0,1.0,1.0,0.0,0.0,0.0,1.0
933000.0,14.575728285,1.425544001107286E-6,933000.0,72.1465166130761,44.101994214423534,39.6667045868748,40.89375919721792,1769.0,4560.0,0.0,0.0,1.0,1.0,1.0,0.0,0.0,0.0,1.0
934000.0,14.589588369,1.4268719689761555E-6,934000.0,72.13747323340472,44.08326152412948,39.65122211400213,40.87467027761432,2769.0,4560.0,0.0,0.0,1.0,1.0,1.0,0.0,0.0,0.0,1.0
935000.0,14.605740515,1.428405103655151E-6,935000.0,72.12994652406417,44.06815448289659,39.640695538574505,40.85933652429877,313.0,4560.0,2.0,0.0,1.0,1.0,1.0,0.0,0.0,0.0,1.0
936000.0,14.619560039,1.4297221495355828E-6,936000.0,72.12542735042734,44.05905008997645,39.63723017837726,40.84743341805098,1313.0,4560.0,0.0,0.0,1.0,1.0,1.0,0.0,0.0,0.0,1.0
937000.0,14.635731993,1.4312573651742146E-6,937000.0,72.11696905016008,44.0414468665973,39.62522271032982,40.83052505707141,329.0,4560.0,2.0,0.0,1.0,1.0,1.0,0.0,0.0,0.0,1.0
938000.0,14.649998477,1.4326161220260252E-6,938000.0,72.10660980810233,44.019843037907,39.605045993328936,40.80609947851267,689.0,4560.0,1.0,0.0,1.0,1.0,1.0,0.0,0.0,0.0,1.0
939000.0,14.666437906,1.4341747899468614E-6,939000.0,72.1024494142705,44.01111365957243,39.60107259870006,40.797508576697595,57.0,4536.0,1.0,0.0,1.0,1.0,1.0,0.0,0.0,0.0,1.0
940000.0,14.681206082,1.4355802282247483E-6,940000.0,72.09159574468084,43.989236584109406,39.58552110392601,40.77578286026472,993.0,4560.0,1.0,0.0,1.0,1.0,1.0,0.0,0.0,0.0,1.0
941000.0,14.695594393,1.436950588024488E-6,941000.0,72.0826780021254,43.970928249910955,39.56747480463673,40.757896256071874,681.0,4560.0,1.0,0.0,1.0,1.0,1.0,0.0,0.0,0.0,1.0
942000.0,14.709468763,1.4382714826134528E-6,942000.0,72.07717622080679,43.9593874499019,39.55557087541507,40.74472063401953,1681.0,4560.0,0.0,0.0,1.0,1.0,1.0,0.0,0.0,0.0,1.0
943000.0,14.725695642,1.439812919820493E-6,943000.0,72.0695652173913,43.94316696278071,39.543264540682245,40.72440349463697,537.0,4560.0,2.0,0.0,1.0,1.0,1.0,0.0,0.0,0.0,1.0
944000.0,14.739554084,1.4411295445761743E-6,944000.0,72.06271186440678,43.92909032539473,39.53411592076303,40.70983275967887,1537.0,4560.0,0.0,0.0,1.0,1.0,1.0,0.0,0.0,0.0,1.0
945000.0,14.755701695,1.4426642539518427E-6,945000.0,72.05216931216931,43.907281304746576,39.51295593105438,40.68543451652386,489.0,4560.0,2.0,0.0,1.0,1.0,1.0,0.0,0.0,0.0,1.0
946000.0,14.771509807,1.4441694446835602E-6,946000.0,72.04334038054968,43.88941217693785,39.495502255735424,40.66667264928119,113.0,4560.0,1.0,0.0,1.0,1.0,1.0,0.0,0.0,0.0,1.0
947000.0,14.785394746,1.4454915179009858E-6,947000.0,72.03072861668427,43.86450143452214,39.474285557591855,40.64054754242378,1113.0,4560.0,0.0,0.0,1.0,1.0,1.0,0.0,0.0,0.0,1.0
948000.0,14.800202337,1.4468954973748014E-6,948000.0,72.02499999999999,43.85298888306583,39.46449970896722,40.629694219519884,33.0,4544.0,2.0,0.0,1.0,1.0,1.0,0.0,0.0,0.0,1.0
949000.0,14.813882605,1.448195704294652E-6,949000.0,72.0100105374078,43.82210610129246,39.43798449612403,40.59812239749891,1033.0,4560.0,0.0,0.0,1.0,1.0,1.0,0.0,0.0,0.0,1.0
950000.0,14.828094291,1.4495476538402897E-6,950000.0,71.99842105263158,43.797704540266494,39.417576110918795,40.56925190737369,209.0,4560.0,1.0,0.0,1.0,1.0,1.0,0.0,0.0,0.0,1.0
951000.0,14.842372488,1.450907348950679E-6,951000.0,71.98832807570979,43.777632243684714,39.39901997807008,40.546880056419894,985.0,4560.0,1.0,0.0,1.0,1.0,1.0,0.0,0.0,0.0,1.0
952000.0,14.856748474,1.4522772489657543E-6,952000.0,71.97909663865546,43.75883450040413,39.38383790183126,40.52952021705156,225.0,4560.0,1.0,0.0,1.0,1.0,1.0,0.0,0.0,0.0,1.0
953000.0,14.870767259,1.453618681556361E-6,953000.0,71.9710388247639,43.74211649921337,39.37256290485852,40.5117332519715,1225.0,4560.0,0.0,0.0,1.0,1.0,1.0,0.0,0.0,0.0,1.0
954000.0,14.884677604,1.4549423101724974E-6,954000.0,71.96289308176101,43.72540509176317,39.35998730403436,40.493231142307295,2225.0,4560.0,0.0,0.0,1.0,1.0,1.0,0.0,0.0,0.0,1.0
955000.0,14.900790553,1.4564731249307821E-6,955000.0,71.95392670157068,43.70637223446762,39.341507493987145,40.47153372924149,537.0,4560.0,2.0,0.0,1.0,1.0,1.0,0.0,0.0,0.0,1.0
956000.0,14.915052482,1.4578273746723517E-6,956000.0,71.94466527196653,43.68704004216824,39.324172691816955,40.45238682003768,481.0,4560.0,1.0,0.0,1.0,1.0,1.0,0.0,0.0,0.0,1.0
957000.0,14.93041457,1.4593613139886741E-6,957000.0,71.9387669801463,43.67544516080312,39.31739812266407,40.44130203839936,1481.0,21912.0,0.0,0.0,6.0,5.0,5.0,1.0,0.0,0.0,1.0
958000.0,14.946396669,1.460877911171162E-6,958000.0,71.92818371607515,43.653872828823545,39.30103012738911,40.41829138603332,241.0,4560.0,4.0,0.0,1.0,1.0,1.0,0.0,0.0,0.0,1.0
959000.0,14.960504917,1.4622200207191313E-6,959000.0,71.91710114702815,43.63013557244258,39.28316187925393,40.39145119808058,825.0,4560.0,1.0,0.0,1.0,1.0,1.0,0.0,0.0,0.0,1.0
960000.0,14.975202091,1.4636152343938977E-6,960000.0,71.906875,43.60964427530513,39.266315362788816,40.37276144152113,289.0,4560.0,2.0,0.0,1.0,1.0,1.0,0.0,0.0,0.0,1.0
961000.0,14.990037385,1.4650237441223964E-6,961000.0,71.89739854318418,43.59021652079965,39.25094475436388,40.35276032970238,361.0,4560.0,2.0,0.0,1.0,1.0,1.0,0.0,0.0,0.0,1.0
962000.0,15.004354525,1.4663869699416911E-6,962000.0,71.89241164241164,43.58031433064768,39.24308607688229,40.34307777164921,913.0,4560.0,1.0,0.0,1.0,1.0,1.0,0.0,0.0,0.0,1.0
963000.0,15.019760852,1.467929758640592E-6,963000.0,71.88618899273105,43.567594782564406,39.23350578517961,40.32840360582751,1913.0,22064.0,0.0,0.0,6.0,5.0,5.0,1.0,0.0,0.0,1.0
964000.0,15.03497739,1.4693769212743829E-6,964000.0,71.88039419087137,43.5551901565674,39.227977195330546,40.31437705870955,865.0,4560.0,2.0,0.0,1.0,1.0,1.0,0.0,0.0,0.0,1.0
965000.0,15.048886554,1.4707052736428816E-6,965000.0,71.87419689119172,43.5423715668322,39.21816284392369,40.302256475903285,1865.0,4560.0,0.0,0.0,1.0,1.0,1.0,0.0,0.0,0.0,1.0
966000.0,15.065044273,1.472239539223653E-6,966000.0,71.86521739130434,43.52351868460922,39.20355407618178,40.28226081109884,337.0,4560.0,2.0,0.0,1.0,1.0,1.0,0.0,0.0,0.0,1.0
967000.0,15.078922014,1.4735626503609184E-6,967000.0,71.85511892450879,43.50291688815297,39.18597635912676,40.26028473719099,1337.0,4560.0,0.0,0.0,1.0,1.0,1.0,0.0,0.0,0.0,1.0
968000.0,15.093309576,1.474936512014686E-6,968000.0,71.84638429752066,43.48522510080295,39.172560949751464,40.23910760061312,705.0,4560.0,1.0,0.0,1.0,1.0,1.0,0.0,0.0,0.0,1.0
969000.0,15.107193536,1.4762591816390578E-6,969000.0,71.83973168214655,43.47147336147594,39.16187129757003,40.22575825947524,1705.0,4560.0,0.0,0.0,1.0,1.0,1.0,0.0,0.0,0.0,1.0
970000.0,15.12260011,1.477802664668732E-6,970000.0,71.83577319587629,43.46294827114137,39.15862145760258,40.21184632387538,2705.0,22040.0,0.0,0.0,6.0,5.0,5.0,1.0,0.0,0.0,1.0
971000.0,15.137870296,1.4792543606149015E-6,971000.0,71.82626158599382,43.44366057287266,39.14350162837466,40.19229970420476,825.0,4560.0,2.0,0.0,1.0,1.0,1.0,0.0,0.0,0.0,1.0
972000.0,15.153074466,1.480698647796692E-6,972000.0,71.81553497942387,43.422208773979236,39.125613847965695,40.170956970296544,129.0,4560.0,3.0,0.0,1.0,1.0,1.0,0.0,0.0,0.0,1.0
973000.0,15.166941749,1.4820152514995471E-6,973000.0,71.8065775950668,43.40401602338652,39.11072834864136,40.152976185281815,1129.0,4560.0,0.0,0.0,1.0,1.0,1.0,0.0,0.0,0.0,1.0
974000.0,15.18074063,1.4833306727334136E-6,974000.0,71.79928131416837,43.38840986871763,39.09496683954596,40.13499729743866,2129.0,4560.0,0.0,0.0,1.0,1.0,1.0,0.0,0.0,0.0,1.0
975000.0,15.197035797,1.484878394463609E-6,975000.0,71.79138461538462,43.37237024215491,39.08141703471708,40.118485424463906,473.0,4560.0,2.0,0.0,1.0,1.0,1.0,0.0,0.0,0.0,1.0
976000.0,15.210932499,1.4862014151468008E-6,976000.0,71.78227459016394,43.35389973134372,39.06578076912014,40.09783407792795,1473.0,4560.0,0.0,0.0,1.0,1.0,1.0,0.0,0.0,0.0,1.0
977000.0,15.225550994,1.4875906119824971E-6,977000.0,71.77011258955987,43.328485200330675,39.04745487775501,40.06927302437159,521.0,4560.0,2.0,0.0,1.0,1.0,1.0,0.0,0.0,0.0,1.0
978000.0,15.240366654,1.4889959697688064E-6,978000.0,71.75807770961146,43.303749166095386,39.025219433799,40.0407245319718,113.0,4560.0,2.0,0.0,1.0,1.0,1.0,0.0,0.0,0.0,1.0
979000.0,15.254747114,1.4903646889735286E-6,979000.0,71.74933605720123,43.285836894558685,39.00981976876242,40.02307355345736,217.0,4560.0,1.0,0.0,1.0,1.0,1.0,0.0,0.0,0.0,1.0
980000.0,15.268618557,1.4916903001652786E-6,980000.0,71.74214285714285,43.27102696112902,38.996413717749896,40.00428963252148,1217.0,4560.0,0.0,0.0,1.0,1.0,1.0,0.0,0.0,0.0,1.0
981000.0,15.283979232,1.493215769268641E-6,981000.0,71.73608562691132,43.25827145014997,38.98639638410521,39.98948129358447,2217.0,20536.0,0.0,0.0,6.0,5.0,5.0,1.0,0.0,0.0,1.0
982000.0,15.299162788,1.4946592295312492E-6,982000.0,71.72780040733198,43.24200093445254,38.97035709967796,39.97228156053517,721.0,4560.0,2.0,0.0,1.0,1.0,1.0,0.0,0.0,0.0,1.0
983000.0,15.313946755,1.496062866112048E-6,983000.0,71.71505595116989,43.216438112606724,38.94576196750111,39.945094583327936,89.0,4560.0,2.0,0.0,1.0,1.0,1.0,0.0,0.0,0.0,1.0
984000.0,15.32772636,1.4973764498012826E-6,984000.0,71.70243902439024,43.189972024941476,38.919294797408895,39.91675243884282,1089.0,4560.0,0.0,0.0,1.0,1.0,1.0,0.0,0.0,0.0,1.0
985000.0,15.341620672,1.4987064893954726E-6,985000.0,71.69319796954315,43.171076672318094,38.90319286705042,39.89855987790971,2089.0,4560.0,0.0,0.0,1.0,1.0,1.0,0.0,0.0,0.0,1.0
986000.0,15.355959988,1.5000725389740847E-6,986000.0,71.68488843813388,43.153978137600376,38.889764434463224,39.88027175727037,913.0,4560.0,1.0,0.0,1.0,1.0,1.0,0.0,0.0,0.0,1.0
987000.0,15.369869276,1.5014029758302518E-6,987000.0,71.67629179331307,43.13684624346573,38.875575593522754,39.8652558396665,1913.0,4560.0,0.0,0.0,1.0,1.0,1.0,0.0,0.0,0.0,1.0
988000.0,15.38609062,1.5029416715140623E-6,988000.0,71.6669028340081,43.118047113294786,38.8602043446164,39.847131075325656,193.0,4560.0,2.0,0.0,1.0,1.0,1.0,0.0,0.0,0.0,1.0
989000.0,15.400334767,1.5042972396918554E-6,989000.0,71.6567239635996,43.09683050947246,38.84538943345021,39.82513084059988,457.0,4560.0,1.0,0.0,1.0,1.0,1.0,0.0,0.0,0.0,1.0
990000.0,15.41420059,1.5056140491391329E-6,990000.0,71.65252525252525,43.088127262562374,38.843864882946065,39.816472838709274,1457.0,4560.0,0.0,0.0,1.0,1.0,1.0,0.0,0.0,0.0,1.0
991000.0,15.430355924,1.5071478876398156E-6,991000.0,71.64611503531786,43.07411069355827,38.834093407490435,39.79873421518341,377.0,4560.0,2.0,0.0,1.0,1.0,1.0,0.0,0.0,0.0,1.0
992000.0,15.44426186,1.508473514224405E-6,992000.0,71.64153225806452,43.06408019521262,38.82346800973375,39.786170656792116,1377.0,4560.0,0.0,0.0,1.0,1.0,1.0,0.0,0.0,0.0,1.0
993000.0,15.459030116,1.5098776764080076E-6,993000.0,71.62960725075529,43.0401341291491,38.800195514039004,39.763817408577076,745.0,4560.0,2.0,0.0,1.0,1.0,1.0,0.0,0.0,0.0,1.0
994000.0,15.473810828,1.511280086241429E-6,994000.0,71.61961770623742,43.019628506164885,38.78415033743463,39.740421196087524,241.0,4560.0,2.0,0.0,1.0,1.0,1.0,0.0,0.0,0.0,1.0
995000.0,15.487656248,1.5125956457660993E-6,995000.0,71.61226130653266,43.00427326028516,38.769396187313305,39.72223289243994,1241.0,4560.0,0.0,0.0,1.0,1.0,1.0,0.0,0.0,0.0,1.0
996000.0,15.501964811,1.513959120985775E-6,996000.0,71.60722891566265,42.9936099958366,38.761907442977446,39.70795480953527,577.0,4560.0,1.0,0.0,1.0,1.0,1.0,0.0,0.0,0.0,1.0
997000.0,15.515852433,1.5152880028223127E-6,997000.0,71.6025075225677,42.98363678940176,38.75601087636036,39.696783166737305,1577.0,4560.0,0.0,0.0,1.0,1.0,1.0,0.0,0.0,0.0,1.0
998000.0,15.531217066,1.516820765319699E-6,998000.0,71.60090180360721,42.97969836626364,38.75709022548269,39.68863646519824,2577.0,22128.0,0.0,0.0,6.0,5.0,5.0,1.0,0.0,0.0,1.0
999000.0,15.546413289,1.5182663733059898E-6,999000.0,71.58868868868868,42.95438330139479,38.732906651700425,39.66156102849732,889.0,4560.0,2.0,0.0,1.0,1.0,1.0,0.0,0.0,0.0,1.0
1000000.0,15.560308591,1.519586672501989E-6,1000000.0,71.5791,42.9343166047463,38.71689048740306,39.63736842552395,1889.0,4560.0,0.0,0.0,1.0,1.0,1.0,0.0,0.0,0.0,1.0
1001000.0,15.576568498,1.521130843313159E-6,1001000.0,71.57022977022976,42.91564343018614,38.69937963122521,39.612784395941105,329.0,4560.0,2.0,0.0,1.0,1.0,1.0,0.0,0.0,0.0,1.0
1002000.0,15.590727017,1.522479493265668E-6,1002000.0,71.55918163672655,42.89189977453536,38.67611489365364,39.585117659529345,753.0,4560.0,1.0,0.0,1.0,1.0,1.0,0.0,0.0,0.0,1.0
1003000.0,15.604575138,1.5237987486511145E-6,1003000.0,71.55134596211366,42.87588701411309,38.66478652835038,39.57016756179794,1753.0,4560.0,0.0,0.0,1.0,1.0,1.0,0.0,0.0,0.0,1.0
1004000.0,15.620426156,1.5253076310712726E-6,1004000.0,71.54661354581673,42.86646094438953,38.659085443364134,39.56346880877378,417.0,4560.0,1.0,0.0,1.0,1.0,1.0,0.0,0.0,0.0,1.0
1005000.0,15.634311199,1.5266276451585592E-6,1005000.0,71.54179104477612,42.85661803297882,38.65331362837856,39.5515905473867,1417.0,4560.0,0.0,0.0,1.0,1.0,1.0,0.0,0.0,0.0,1.0
1006000.0,15.650596719,1.5281720238811011E-6,1006000.0,71.53787276341949,42.848688331694994,38.64711629940089,39.54444395178403,113.0,4560.0,2.0,0.0,1.0,1.0,1.0,0.0,0.0,0.0,1.0
1007000.0,15.664459468,1.5294876806840142E-6,1007000.0,71.53058589870903,42.83388177558324,38.635492854039164,39.527844397898235,1113.0,4560.0,0.0,0.0,1.0,1.0,1.0,0.0,0.0,0.0,1.0
1008000.0,15.680259413,1.5309883660229489E-6,1008000.0,71.52589285714286,42.8240241936616,38.62971579100419,39.515991376857876,97.0,4560.0,1.0,0.0,1.0,1.0,1.0,0.0,0.0,0.0,1.0
1009000.0,15.694140881,1.5323123496193384E-6,1009000.0,71.5219028741328,42.816051179557995,38.62531504976718,39.507163082493875,1097.0,4560.0,0.0,0.0,1.0,1.0,1.0,0.0,0.0,0.0,1.0
1010000.0,15.710601748,1.5338735611490623E-6,1010000.0,71.51871287128712,42.809129314985995,38.62328534760316,39.4988895058301,145.0,4560.0,2.0,0.0,1.0,1.0,1.0,0.0,0.0,0.0,1.0
1011000.0,15.724487916,1.535195923820739E-6,1011000.0,71.51018793273987,42.79157170462142,38.612236546810436,39.478904017481945,1145.0,4560.0,0.0,0.0,1.0,1.0,1.0,0.0,0.0,0.0,1.0
1012000.0,15.74032223,1.5366981039190797E-6,1012000.0,71.50681818181818,42.784577939671536,38.60796954574099,39.47127020678565,129.0,4560.0,1.0,0.0,1.0,1.0,1.0,0.0,0.0,0.0,1.0
1013000.0,15.754641637,1.538061367780681E-6,1013000.0,71.49861796643633,42.76757879273668,38.59616288491845,39.451090102257375,969.0,4560.0,1.0,0.0,1.0,1.0,1.0,0.0,0.0,0.0,1.0
1014000.0,15.768558373,1.5393916529805616E-6,1014000.0,71.4914201183432,42.752820006485756,38.58376621307244,39.43469279150552,1969.0,4560.0,0.0,0.0,1.0,1.0,1.0,0.0,0.0,0.0,1.0
1015000.0,15.78246121,1.5407138766171131E-6,1015000.0,71.48453201970443,42.7387903532806,38.5745089050748,39.421237478494206,2969.0,4560.0,0.0,0.0,1.0,1.0,1.0,0.0,0.0,0.0,1.0
1016000.0,15.798720059,1.5422577450557002E-6,1016000.0,71.48061023622047,42.730908551920685,38.57176171295316,39.41319516320928,449.0,4560.0,2.0,0.0,1.0,1.0,1.0,0.0,0.0,0.0,1.0
1017000.0,15.812581958,1.5435743539805473E-6,1017000.0,71.47620452310719,42.72154841581809,38.56366813151904,39.401592633443634,1449.0,4560.0,0.0,0.0,1.0,1.0,1.0,0.0,0.0,0.0,1.0
1018000.0,15.828770477,1.5451097349852024E-6,1018000.0,71.47288801571709,42.71398890565842,38.56441717791411,39.39129581821105,81.0,4560.0,2.0,0.0,1.0,1.0,1.0,0.0,0.0,0.0,1.0
1019000.0,15.842630148,1.5464295743802118E-6,1019000.0,71.46800785083414,42.703836629839266,38.558148086315,39.37806116385214,1081.0,4560.0,0.0,0.0,1.0,1.0,1.0,0.0,0.0,0.0,1.0
1020000.0,15.858470799,1.5479318966866027E-6,1020000.0,71.46627450980392,42.69995412606675,38.55903668378731,39.37328536700696,33.0,4544.0,1.0,0.0,1.0,1.0,1.0,0.0,0.0,0.0,1.0
1021000.0,15.872844226,1.549299589528811E-6,1021000.0,71.45504407443683,42.67694427055817,38.541671059901226,39.35009936841228,873.0,4560.0,1.0,0.0,1.0,1.0,1.0,0.0,0.0,0.0,1.0
1022000.0,15.886990458,1.5506442584965183E-6,1022000.0,71.44980430528376,42.66506333445166,38.53473263789413,39.33459605672691,305.0,4560.0,1.0,0.0,1.0,1.0,1.0,0.0,0.0,0.0,1.0
1023000.0,15.901698836,1.552041266348388E-6,1023000.0,71.43822091886608,42.64149661983157,38.5149069054914,39.31116562225439,153.0,4560.0,2.0,0.0,1.0,1.0,1.0,0.0,0.0,0.0,1.0
1024000.0,15.915577066,1.5533647687767416E-6,1024000.0,71.4279296875,42.62022267423712,38.49746803246468,39.28594403345127,1153.0,4560.0,0.0,0.0,1.0,1.0,1.0,0.0,0.0,0.0,1.0
1025000.0,15.931746996,1.5548981524719435E-6,1025000.0,71.42214634146342,42.60772764043352,38.48907946654123,39.27068345696621,41.0,4552.0,2.0,0.0,1.0,1.0,1.0,0.0,0.0,0.0,1.0
1026000.0,15.945553668,1.5562127733912704E-6,1026000.0,71.4150097465887,42.59397906565188,38.48254626153131,39.256074247592785,1041.0,4560.0,0.0,0.0,1.0,1.0,1.0,0.0,0.0,0.0,1.0
1027000.0,15.959371069,1.5575282443073881E-6,1027000.0,71.40915287244401,42.58204311858686,38.471016451566264,39.24317792436746,2041.0,4560.0,0.0,0.0,1.0,1.0,1.0,0.0,0.0,0.0,1.0
1028000.0,15.975027317,1.5590246130965809E-6,1028000.0,71.4034046692607,42.56934656889039,38.46268172445914,39.22837757941347,257.0,4560.0,1.0,0.0,1.0,1.0,1.0,0.0,0.0,0.0,1.0
1029000.0,15.989170437,1.560367581260634E-6,1029000.0,71.39193391642371,42.544732101006275,38.442026636777484,39.20054029827934,777.0,4560.0,1.0,0.0,1.0,1.0,1.0,0.0,0.0,0.0,1.0
1030000.0,16.003195385,1.5617040305641204E-6,1030000.0,71.38126213592233,42.52129840683846,38.41909767776116,39.17440468820932,913.0,4560.0,1.0,0.0,1.0,1.0,1.0,0.0,0.0,0.0,1.0
1031000.0,16.017095283,1.5630339144654028E-6,1031000.0,71.37740058195926,42.5130228180678,38.41532130156769,39.16513084385732,1913.0,4560.0,0.0,0.0,1.0,1.0,1.0,0.0,0.0,0.0,1.0
1032000.0,16.032980546,1.5645417170564804E-6,1032000.0,71.37354651162791,42.50500952976602,38.41001200840588,39.15787956174314,321.0,4560.0,1.0,0.0,1.0,1.0,1.0,0.0,0.0,0.0,1.0
1033000.0,16.046879232,1.5658664799234783E-6,1033000.0,71.36795740561472,42.49393136363848,38.401221274840985,39.14668872264606,1321.0,4560.0,0.0,0.0,1.0,1.0,1.0,0.0,0.0,0.0,1.0
1034000.0,16.06322247,1.5674185645128677E-6,1034000.0,71.36218568665377,42.482525609678454,38.39651825854675,39.137485586735465,625.0,4560.0,2.0,0.0,1.0,1.0,1.0,0.0,0.0,0.0,1.0
1035000.0,16.077574441,1.568784215725225E-6,1035000.0,71.35594202898551,42.469617902736154,38.387201356676144,39.12302460820712,441.0,4560.0,1.0,0.0,1.0,1.0,1.0,0.0,0.0,0.0,1.0
1036000.0,16.091931306,1.5701526502404377E-6,1036000.0,71.3465250965251,42.44959957651922,38.367469816981384,39.097698083788096,449.0,4560.0,1.0,0.0,1.0,1.0,1.0,0.0,0.0,0.0,1.0
1037000.0,16.107215974,1.5716057229518077E-6,1037000.0,71.33529411764707,42.42722617601179,38.34856715012518,39.074765627241774,265.0,4560.0,3.0,0.0,1.0,1.0,1.0,0.0,0.0,0.0,1.0
1038000.0,16.12203622,1.573012619943202E-6,1038000.0,71.32601156069363,42.408584581078046,38.3323146411959,39.05622284378082,305.0,4560.0,2.0,0.0,1.0,1.0,1.0,0.0,0.0,0.0,1.0
1039000.0,16.136404896,1.574377719607938E-6,1039000.0,71.32098171318576,42.397318162778305,38.32239395425954,39.040108018535015,601.0,4560.0,1.0,0.0,1.0,1.0,1.0,0.0,0.0,0.0,1.0
1040000.0,16.15027589,1.5757008764623947E-6,1040000.0,71.3175,42.38971742096626,38.31886239617216,39.02990886105962,1601.0,4560.0,0.0,0.0,1.0,1.0,1.0,0.0,0.0,0.0,1.0
1041000.0,16.165666919,1.577245095583092E-6,1041000.0,71.31575408261287,42.3857276863146,38.32198656564738,39.02390214516902,2601.0,22088.0,0.0,0.0,6.0,5.0,5.0,1.0,0.0,0.0,1.0
1042000.0,16.180743776,1.5786791611313046E-6,1042000.0,71.30834932821497,42.369630435617424,38.31267577153775,39.004874028101646,849.0,4560.0,2.0,0.0,1.0,1.0,1.0,0.0,0.0,0.0,1.0
1043000.0,16.194663419,1.5800085142648006E-6,1043000.0,71.30297219558965,42.35848100542052,38.30224499766039,38.99239927355889,1849.0,4560.0,0.0,0.0,1.0,1.0,1.0,0.0,0.0,0.0,1.0
1044000.0,16.210749877,1.5815366124832374E-6,1044000.0,71.29434865900383,42.340732436775994,38.285976697157786,38.974142811180215,513.0,4560.0,2.0,0.0,1.0,1.0,1.0,0.0,0.0,0.0,1.0
1045000.0,16.225180561,1.5829113663276525E-6,1045000.0,71.2865071770335,42.32436585350394,38.27379923802942,38.958169737853936,777.0,4560.0,1.0,0.0,1.0,1.0,1.0,0.0,0.0,0.0,1.0
1046000.0,16.240628012,1.5844477869779319E-6,1046000.0,71.28202676864245,42.31516438356287,38.27099606063783,38.94822417560083,1777.0,22128.0,0.0,0.0,6.0,5.0,5.0,1.0,0.0,0.0,1.0
1047000.0,16.256336896,1.5859406035739713E-6,1047000.0,71.2720152817574,42.294285418064206,38.25084222433449,38.92515650349963,153.0,4560.0,3.0,0.0,1.0,1.0,1.0,0.0,0.0,0.0,1.0
1048000.0,16.270715555,1.5873093299100684E-6,1048000.0,71.2621183206107,42.27436301435352,38.23321308375565,38.904317450142315,769.0,4560.0,1.0,0.0,1.0,1.0,1.0,0.0,0.0,0.0,1.0
1049000.0,16.285506122,1.588714144107297E-6,1049000.0,71.25243088655863,42.254742090402615,38.21754834532876,38.88379973410292,457.0,4560.0,2.0,0.0,1.0,1.0,1.0,0.0,0.0,0.0,1.0
1050000.0,16.299763348,1.5900670620676783E-6,1050000.0,71.24428571428571,42.23777102544033,38.20430534463634,38.86631314879944,113.0,4560.0,1.0,0.0,1.0,1.0,1.0,0.0,0.0,0.0,1.0
1051000.0,16.313635515,1.5913851630299219E-6,1051000.0,71.23853472882968,42.226637390048296,38.19898062450549,38.85812182946463,1113.0,4560.0,0.0,0.0,1.0,1.0,1.0,0.0,0.0,0.0,1.0
1052000.0,16.329742313,1.5929137933442877E-6,1052000.0,71.23346007604563,42.215532066992274,38.18903749213638,38.843823635209915,257.0,4560.0,2.0,0.0,1.0,1.0,1.0,0.0,0.0,0.0,1.0
1053000.0,16.343637881,1.5942334276146577E-6,1053000.0,71.22279202279202,42.191852348884964,38.167200603995354,38.81578548857683,137.0,4560.0,1.0,0.0,1.0,1.0,1.0,0.0,0.0,0.0,1.0
1054000.0,16.357231595,1.59552827785574E-6,1054000.0,71.21138519924098,42.16750803779423,38.15121391430545,38.790874064510916,1137.0,4560.0,0.0,0.0,1.0,1.0,1.0,0.0,0.0,0.0,1.0
1055000.0,16.372620299,1.5970698750623325E-6,1055000.0,71.2073933649289,42.158874400436446,38.14673560021258,38.78098869583969,2137.0,22064.0,0.0,0.0,6.0,5.0,5.0,1.0,0.0,0.0,1.0
1056000.0,16.387905325,1.5985224123962192E-6,1056000.0,71.19990530303029,42.143388847789865,38.13473989979637,38.76231533292926,385.0,4560.0,2.0,0.0,1.0,1.0,1.0,0.0,0.0,0.0,1.0
1057000.0,16.401786727,1.599847079194371E-6,1057000.0,71.19328287606433,42.13003549126479,38.12321423491016,38.74795063417185,1385.0,4560.0,0.0,0.0,1.0,1.0,1.0,0.0,0.0,0.0,1.0
1058000.0,16.418091138,1.6013964887723812E-6,1058000.0,71.18724007561437,42.117569427529475,38.114688369770214,38.73555756975275,593.0,4560.0,2.0,0.0,1.0,1.0,1.0,0.0,0.0,0.0,1.0
1059000.0,16.431987222,1.6027208310714601E-6,1059000.0,71.18101983002832,42.1049030993755,38.10527212401942,38.720817931197885,1593.0,4560.0,0.0,0.0,1.0,1.0,1.0,0.0,0.0,0.0,1.0
1060000.0,16.448314867,1.6042704210712357E-6,1060000.0,71.17650943396227,42.09548547221019,38.095508247408056,38.708486714745675,321.0,4560.0,2.0,0.0,1.0,1.0,1.0,0.0,0.0,0.0,1.0
1061000.0,16.46220079,1.6055910361087228E-6,1061000.0,71.17021677662582,42.08222116197533,38.08530061270219,38.69433549320674,1321.0,4560.0,0.0,0.0,1.0,1.0,1.0,0.0,0.0,0.0,1.0
1062000.0,16.47844811,1.6071336080511483E-6,1062000.0,71.16553672316385,42.07227729426088,38.078425663051135,38.68140449944434,369.0,4560.0,2.0,0.0,1.0,1.0,1.0,0.0,0.0,0.0,1.0
1063000.0,16.493012645,1.6085164110639203E-6,1063000.0,71.15597365945438,42.05168006672632,38.062185878892684,38.6593204775023,665.0,4560.0,2.0,0.0,1.0,1.0,1.0,0.0,0.0,0.0,1.0
1064000.0,16.507574907,1.6098997215862622E-6,1064000.0,71.14718045112782,42.03358067448114,38.04496772019189,38.64243228550414,257.0,4560.0,2.0,0.0,1.0,1.0,1.0,0.0,0.0,0.0,1.0
1065000.0,16.521459449,1.6112241707871116E-6,1065000.0,71.13737089201878,42.014500215673486,38.030437736503316,38.6205615837124,1257.0,4560.0,0.0,0.0,1.0,1.0,1.0,0.0,0.0,0.0,1.0
1066000.0,16.53609249,1.6126149316381899E-6,1066000.0,71.12908067542214,41.996993315063904,38.013917281799785,38.599595803216424,593.0,4560.0,2.0,0.0,1.0,1.0,1.0,0.0,0.0,0.0,1.0
1067000.0,16.550353484,1.613972634352465E-6,1067000.0,71.12014995313965,41.97819132447103,38.00013681707155,38.577149315404355,249.0,4560.0,1.0,0.0,1.0,1.0,1.0,0.0,0.0,0.0,1.0
1068000.0,16.564925349,1.615355590454345E-6,1068000.0,71.10711610486892,41.95060660283501,37.97504738664894,38.547448206366,129.0,4560.0,2.0,0.0,1.0,1.0,1.0,0.0,0.0,0.0,1.0
1069000.0,16.578782271,1.6166762004866128E-6,1069000.0,71.10177736202058,41.939805825085244,37.96908916032313,38.53815177946139,1129.0,4560.0,0.0,0.0,1.0,1.0,1.0,0.0,0.0,0.0,1.0
1070000.0,16.595070441,1.6182232576388418E-6,1070000.0,71.09280373831776,41.92121927566389,37.956564560420276,38.518799742393036,465.0,4560.0,2.0,0.0,1.0,1.0,1.0,0.0,0.0,0.0,1.0
1071000.0,16.60940965,1.6195873383743965E-6,1071000.0,71.0875816993464,41.91055861711124,37.94897280312928,38.50901458179847,697.0,4560.0,1.0,0.0,1.0,1.0,1.0,0.0,0.0,0.0,1.0
1072000.0,16.625701657,1.621133546117367E-6,1072000.0,71.08376865671642,41.902348440953205,37.944398956604594,38.499783744747376,321.0,4560.0,2.0,0.0,1.0,1.0,1.0,0.0,0.0,0.0,1.0
1073000.0,16.639570497,1.6224518476103792E-6,1073000.0,71.07558247903076,41.88517718933064,37.92919313290987,38.47869265809536,1321.0,4560.0,0.0,0.0,1.0,1.0,1.0,0.0,0.0,0.0,1.0
1074000.0,16.6537706,1.6238039295936695E-6,1074000.0,71.06899441340782,41.87116417429317,37.916793209827226,38.463930225096945,593.0,4560.0,1.0,0.0,1.0,1.0,1.0,0.0,0.0,0.0,1.0
1075000.0,16.66770787,1.6251363506835232E-6,1075000.0,71.06400000000001,41.861048561403564,37.90545544556433,38.4542634186492,1593.0,4560.0,0.0,0.0,1.0,1.0,1.0,0.0,0.0,0.0,1.0
1076000.0,16.684005941,1.6266817172515278E-6,1076000.0,71.06013011152416,41.85287716349389,37.903467034654405,38.44418834050579,97.0,4560.0,2.0,0.0,1.0,1.0,1.0,0.0,0.0,0.0,1.0
1077000.0,16.69857676,1.6280645740818263E-6,1077000.0,71.05394614670381,41.83938503466327,37.895017839675994,38.42895063240139,169.0,4560.0,2.0,0.0,1.0,1.0,1.0,0.0,0.0,0.0,1.0
1078000.0,16.712807701,1.629416764912987E-6,1078000.0,71.04684601113172,41.824701567128095,37.883606518226046,38.413468273903845,273.0,4560.0,1.0,0.0,1.0,1.0,1.0,0.0,0.0,0.0,1.0
1079000.0,16.727493421,1.6308114383367044E-6,1079000.0,71.03790546802595,41.806195884223456,37.86898250594965,38.39273568892472,345.0,4560.0,2.0,0.0,1.0,1.0,1.0,0.0,0.0,0.0,1.0
1080000.0,16.741396619,1.632131279278411E-6,1080000.0,71.03296296296297,41.79576341683152,37.863422036315384,38.38014575536735,1345.0,4560.0,0.0,0.0,1.0,1.0,1.0,0.0,0.0,0.0,1.0
1081000.0,16.757562102,1.633666884305476E-6,1081000.0,71.0263644773358,41.78265242025196,37.853438046898866,38.36573409922329,393.0,4560.0,2.0,0.0,1.0,1.0,1.0,0.0,0.0,0.0,1.0
1082000.0,16.773371039,1.6351706812686916E-6,1082000.0,71.02301293900184,41.776595761046345,37.84868692315012,38.36029025795684,17.0,4536.0,1.0,0.0,1.0,1.0,1.0,0.0,0.0,0.0,1.0
1083000.0,16.787637672,1.6365278578909536E-6,1083000.0,71.0101569713758,41.75049769634311,37.82305434640535,38.333415173091076,921.0,4560.0,1.0,0.0,1.0,1.0,1.0,0.0,0.0,0.0,1.0
1084000.0,16.801923653,1.6378911326314828E-6,1084000.0,71.00184501845018,41.73348218127074,37.812087016388766,38.31438977675907,929.0,4560.0,1.0,0.0,1.0,1.0,1.0,0.0,0.0,0.0,1.0
1085000.0,16.817781441,1.6393972462838461E-6,1085000.0,70.99769585253456,41.724821026614826,37.80487322807877,38.30397948400226,9.0,4496.0,1.0,0.0,1.0,1.0,1.0,0.0,0.0,0.0,1.0
1086000.0,16.83160726,1.6407159222021749E-6,1086000.0,70.99226519337016,41.71367091787347,37.79515431550263,38.29217506449446,1009.0,4560.0,0.0,0.0,1.0,1.0,1.0,0.0,0.0,0.0,1.0
1087000.0,16.847869327,1.642260702017023E-6,1087000.0,70.98436062557496,41.69744706891579,37.78209134236025,38.27390027144609,377.0,4560.0,2.0,0.0,1.0,1.0,1.0,0.0,0.0,0.0,1.0
1088000.0,16.862367105,1.643636026731095E-6,1088000.0,70.97711397058823,41.68362054810068,37.77018824493914,38.26342481983585,1.0,3728.0,1.0,0.0,1.0,1.0,1.0,0.0,0.0,0.0,1.0
1089000.0,16.876105701,1.644947748320238E-6,1089000.0,70.9714416896235,41.67142691460971,37.76214551783336,38.25038090401219,1001.0,4560.0,0.0,0.0,1.0,1.0,1.0,0.0,0.0,0.0,1.0
1090000.0,16.892259338,1.646479620392758E-6,1090000.0,70.96917431192661,41.666334160943755,37.76408900846894,38.24663019911439,81.0,4560.0,2.0,0.0,1.0,1.0,1.0,0.0,0.0,0.0,1.0
1091000.0,16.906950532,1.6478737190920454E-6,1091000.0,70.95912007332721,41.645551975671786,37.74125470129808,38.22245966782746,281.0,4560.0,2.0,0.0,1.0,1.0,1.0,0.0,0.0,0.0,1.0
1092000.0,16.922077127,1.6493089466760874E-6,1092000.0,70.94798534798534,41.62223491023151,37.72564169002583,38.19888299499159,129.0,4560.0,3.0,0.0,1.0,1.0,1.0,0.0,0.0,0.0,1.0
1093000.0,16.935949296,1.650630320759284E-6,1093000.0,70.94181152790485,41.609526356197954,37.711489620412046,38.18333278187266,1129.0,4560.0,0.0,0.0,1.0,1.0,1.0,0.0,0.0,0.0,1.0
1094000.0,16.95170233,1.6521245617152262E-6,1094000.0,70.93765996343693,41.601078799609986,37.70448119723263,38.17545428913109,145.0,4552.0,1.0,0.0,1.0,1.0,1.0,0.0,0.0,0.0,1.0
1095000.0,16.966002061,1.6534847093624319E-6,1095000.0,70.93187214611872,41.58950980520238,37.693596629970095,38.1609700087621,985.0,4560.0,1.0,0.0,1.0,1.0,1.0,0.0,0.0,0.0,1.0
1096000.0,16.982274851,1.655030103646317E-6,1096000.0,70.92326642335766,41.57168483459643,37.67691365968041,38.14145429629041,481.0,4560.0,2.0,0.0,1.0,1.0,1.0,0.0,0.0,0.0,1.0
1097000.0,16.996649867,1.6563941991111127E-6,1097000.0,70.91558796718323,41.556555789116004,37.66343380979548,38.126912590029896,649.0,4560.0,1.0,0.0,1.0,1.0,1.0,0.0,0.0,0.0,1.0
1098000.0,17.010495206,1.6577133613928457E-6,1098000.0,70.90719489981785,41.539452012699925,37.6485399750156,38.10928944808906,1649.0,4560.0,0.0,0.0,1.0,1.0,1.0,0.0,0.0,0.0,1.0
1099000.0,17.026343235,1.6592215656955073E-6,1099000.0,70.90336669699727,41.53147260460377,37.64609990757243,38.09922026837635,633.0,4560.0,1.0,0.0,1.0,1.0,1.0,0.0,0.0,0.0,1.0
1100000.0,17.042571346,1.6607629184189696E-6,1100000.0,70.899,41.522658642928384,37.64249592868775,38.08824780869713,513.0,4560.0,2.0,0.0,1.0,1.0,1.0,0.0,0.0,0.0,1.0
1101000.0,17.056476209,1.6620891333785145E-6,1101000.0,70.8928247048138,41.510091638866676,37.63549252139663,38.07474623727805,1513.0,4560.0,0.0,0.0,1.0,1.0,1.0,0.0,0.0,0.0,1.0
1102000.0,17.070628251,1.663433475940901E-6,1102000.0,70.88593466424682,41.49510256477997,37.62403763900768,38.05661528481403,593.0,4560.0,1.0,0.0,1.0,1.0,1.0,0.0,0.0,0.0,1.0
1103000.0,17.08449771,1.6647563141455343E-6,1103000.0,70.88041704442429,41.483305565783105,37.615275846262605,38.042484403995346,1593.0,4560.0,0.0,0.0,1.0,1.0,1.0,0.0,0.0,0.0,1.0
1104000.0,17.100810195,1.666304262809247E-6,1104000.0,70.875,41.47192011291585,37.60624054022587,38.02845132803059,225.0,4560.0,2.0,0.0,1.0,1.0,1.0,0.0,0.0,0.0,1.0
1105000.0,17.114666028,1.667623220546242E-6,1105000.0,70.86778280542987,41.45727976049772,37.59370801677295,38.0108299217026,1225.0,4560.0,0.0,0.0,1.0,1.0,1.0,0.0,0.0,0.0,1.0
1106000.0,17.12942618,1.6690244127694564E-6,1106000.0,70.85904159132006,41.43910537008503,37.57742321592506,37.99044553512506,177.0,4560.0,2.0,0.0,1.0,1.0,1.0,0.0,0.0,0.0,1.0
1107000.0,17.143290177,1.6703419095953953E-6,1107000.0,70.84923215898826,41.41875081475381,37.56114267139296,37.96731307477009,1177.0,4560.0,0.0,0.0,1.0,1.0,1.0,0.0,0.0,0.0,1.0
1108000.0,17.157126632,1.6716621153999043E-6,1108000.0,70.84151624548737,41.40267510249466,37.54716689348015,37.95018745006454,2177.0,4560.0,0.0,0.0,1.0,1.0,1.0,0.0,0.0,0.0,1.0
1109000.0,17.171532463,1.6730404048471718E-6,1109000.0,70.83146979260594,41.38164410666069,37.527713616945675,37.92715033542623,777.0,4560.0,1.0,0.0,1.0,1.0,1.0,0.0,0.0,0.0,1.0
1110000.0,17.185428098,1.674364014151424E-6,1110000.0,70.82243243243244,41.3629645233063,37.51210702805744,37.908286218776425,1777.0,4560.0,0.0,0.0,1.0,1.0,1.0,0.0,0.0,0.0,1.0
1111000.0,17.20168161,1.6759067703215743E-6,1111000.0,70.81395139513951,41.34591721849703,37.496964066108184,37.88858304744501,313.0,4560.0,2.0,0.0,1.0,1.0,1.0,0.0,0.0,0.0,1.0
1112000.0,17.216339167,1.6772987691615714E-6,1112000.0,70.80413669064748,41.32600640601061,37.48028554427302,37.866875909056105,449.0,4560.0,2.0,0.0,1.0,1.0,1.0,0.0,0.0,0.0,1.0
1113000.0,17.23062615,1.6786593009519169E-6,1113000.0,70.79640610961366,41.31024993116741,37.46914684658166,37.85019923975311,873.0,4560.0,1.0,0.0,1.0,1.0,1.0,0.0,0.0,0.0,1.0
1114000.0,17.246064399,1.6801941353881882E-6,1114000.0,70.79201077199282,41.30127274388915,37.46417966385101,37.841689511237625,1873.0,21912.0,0.0,0.0,6.0,5.0,5.0,1.0,0.0,0.0,1.0
1115000.0,17.261058945,1.6816220475313467E-6,1115000.0,70.78762331838566,41.292890477157364,37.46474546658859,37.83639871824479,921.0,4560.0,1.0,0.0,1.0,1.0,1.0,0.0,0.0,0.0,1.0
1116000.0,17.276473007,1.6831658022188878E-6,1116000.0,70.78279569892473,41.28306202263547,37.458113792382505,37.82542288528753,1921.0,22064.0,0.0,0.0,6.0,5.0,5.0,1.0,0.0,0.0,1.0
1117000.0,17.291758004,1.6846187164039088E-6,1117000.0,70.77824529991047,41.2738440329384,37.45362776508821,37.81409021716971,649.0,4560.0,2.0,0.0,1.0,1.0,1.0,0.0,0.0,0.0,1.0
1118000.0,17.305658028,1.6859453328574537E-6,1118000.0,70.77406082289804,41.26531875353075,37.4472818189998,37.80543283570725,1649.0,4560.0,0.0,0.0,1.0,1.0,1.0,0.0,0.0,0.0,1.0
1119000.0,17.319542277,1.6872635473660033E-6,1119000.0,70.77033065236819,41.25751427060585,37.444296965547316,37.796558918115025,2649.0,4560.0,0.0,0.0,1.0,1.0,1.0,0.0,0.0,0.0,1.0
1120000.0,17.335726819,1.6887983167074356E-6,1120000.0,70.76633928571428,41.249555039873954,37.439310301341905,37.78973108850918,97.0,4552.0,2.0,0.0,1.0,1.0,1.0,0.0,0.0,0.0,1.0
1121000.0,17.349924398,1.690148042760525E-6,1121000.0,70.75414808206958,41.2259024696267,37.41987699520121,37.76545157377403,137.0,4560.0,1.0,0.0,1.0,1.0,1.0,0.0,0.0,0.0,1.0
1122000.0,17.363765048,1.6914655552047453E-6,1122000.0,70.74705882352941,41.21083082350175,37.4055031314603,37.746713957855185,1137.0,4560.0,0.0,0.0,1.0,1.0,1.0,0.0,0.0,0.0,1.0
1123000.0,17.37849838,1.692864018432254E-6,1123000.0,70.73953695458593,41.19568369090844,37.39354263438874,37.73001019530259,217.0,4560.0,2.0,0.0,1.0,1.0,1.0,0.0,0.0,0.0,1.0
1124000.0,17.392373594,1.6941822366159992E-6,1124000.0,70.7329181494662,41.182661144116935,37.38481948946554,37.717705550580405,1217.0,4560.0,0.0,0.0,1.0,1.0,1.0,0.0,0.0,0.0,1.0
1125000.0,17.406670242,1.6955452865673108E-6,1125000.0,70.7248,41.16658080939474,37.37323797697985,37.7015007812234,873.0,4560.0,1.0,0.0,1.0,1.0,1.0,0.0,0.0,0.0,1.0
1126000.0,17.422506437,1.6970496115943813E-6,1126000.0,70.72335701598578,41.16323976334096,37.37687852267524,37.69526045121819,497.0,4560.0,1.0,0.0,1.0,1.0,1.0,0.0,0.0,0.0,1.0
1127000.0,17.43786574,1.6985824145542025E-6,1127000.0,70.71827861579413,41.15318991553315,37.37082929254781,37.687524664981105,1497.0,22032.0,0.0,0.0,6.0,5.0,5.0,1.0,0.0,0.0,1.0
1128000.0,17.452960193,1.7000175914691184E-6,1128000.0,70.71205673758865,41.13940562452223,37.35817001395548,37.67076638046024,801.0,4560.0,2.0,0.0,1.0,1.0,1.0,0.0,0.0,0.0,1.0
1129000.0,17.467284632,1.7013800892673912E-6,1129000.0,70.70628875110717,41.12756719091879,37.34980384282421,37.6566237693005,745.0,4560.0,1.0,0.0,1.0,1.0,1.0,0.0,0.0,0.0,1.0
1130000.0,17.481145504,1.7027038296554303E-6,1130000.0,70.70362831858407,41.121744999807355,37.34677307937613,37.64862762529169,1745.0,4560.0,0.0,0.0,1.0,1.0,1.0,0.0,0.0,0.0,1.0
1131000.0,17.497401486,1.704247223995529E-6,1131000.0,70.69885057471265,41.11189528712467,37.33885453892261,37.63824097822958,377.0,4560.0,2.0,0.0,1.0,1.0,1.0,0.0,0.0,0.0,1.0
1132000.0,17.511276193,1.7055690121234087E-6,1132000.0,70.69363957597173,41.10107401136788,37.33024280308827,37.6251734472476,1377.0,4560.0,0.0,0.0,1.0,1.0,1.0,0.0,0.0,0.0,1.0
1133000.0,17.527475034,1.7071085905265334E-6,1133000.0,70.68464254192409,41.08238181779208,37.31341311737161,37.60662888358314,553.0,4560.0,2.0,0.0,1.0,1.0,1.0,0.0,0.0,0.0,1.0
1134000.0,17.542859783,1.7086417996008159E-6,1134000.0,70.68095238095238,41.07460389019026,37.30780979533652,37.5991441602072,1553.0,21976.0,0.0,0.0,6.0,5.0,5.0,1.0,0.0,0.0,1.0
1135000.0,17.55839102,1.7101152271913016E-6,1135000.0,70.67251101321585,41.05655575319334,37.292516366034,37.577918132515194,153.0,4560.0,3.0,0.0,1.0,1.0,1.0,0.0,0.0,0.0,1.0
1136000.0,17.57255156,1.7114591461199298E-6,1136000.0,70.66241197183099,41.035232392778326,37.2723765069028,37.55585825446819,833.0,4560.0,1.0,0.0,1.0,1.0,1.0,0.0,0.0,0.0,1.0
1137000.0,17.586837359,1.7128204521385543E-6,1137000.0,70.65479331574318,41.01954971817129,37.26449861237505,37.539078441430064,905.0,4560.0,1.0,0.0,1.0,1.0,1.0,0.0,0.0,0.0,1.0
1138000.0,17.602304197,1.7143702607132042E-6,1138000.0,70.65175746924429,41.01347901041332,37.263222354965485,37.53462422545538,1905.0,22016.0,0.0,0.0,6.0,5.0,5.0,1.0,0.0,0.0,1.0
1139000.0,17.617523249,1.7158176624399386E-6,1139000.0,70.64354697102722,40.997117750163625,37.248992215474466,37.517985745945964,857.0,4560.0,2.0,0.0,1.0,1.0,1.0,0.0,0.0,0.0,1.0
1140000.0,17.631417239,1.7171443931312698E-6,1140000.0,70.63868421052632,40.986839901045165,37.24356065861459,37.50357088843705,1857.0,4560.0,0.0,0.0,1.0,1.0,1.0,0.0,0.0,0.0,1.0
1141000.0,17.645768862,1.718508407311086E-6,1141000.0,70.63488168273445,40.979234799484786,37.23991698322431,37.49748166277412,873.0,4560.0,1.0,0.0,1.0,1.0,1.0,0.0,0.0,0.0,1.0
1142000.0,17.65963786,1.7198318904271457E-6,1142000.0,70.62775831873905,40.965135130229825,37.23151831794518,37.48455429712034,1873.0,4560.0,0.0,0.0,1.0,1.0,1.0,0.0,0.0,0.0,1.0
1143000.0,17.673541797,1.7211640599570552E-6,1143000.0,70.62300962379703,40.95541205187328,37.224780375814895,37.47528089469196,2873.0,4560.0,0.0,0.0,1.0,1.0,1.0,0.0,0.0,0.0,1.0
1144000.0,17.690323523,1.722757786873836E-6,1144000.0,70.61678321678322,40.94311268681313,37.21839758842625,37.46216314266844,225.0,4560.0,3.0,0.0,1.0,1.0,1.0,0.0,0.0,0.0,1.0
1145000.0,17.704232443,1.7240842160651507E-6,1145000.0,70.60689956331878,40.92223088279522,37.204659398562185,37.44161017437485,1225.0,4560.0,0.0,0.0,1.0,1.0,1.0,0.0,0.0,0.0,1.0
1146000.0,17.719633306,1.7256151743045867E-6,1146000.0,70.60148342059337,40.911075385828084,37.195889203099696,37.4319593659755,2225.0,21008.0,0.0,0.0,6.0,5.0,5.0,1.0,0.0,0.0,1.0
1147000.0,17.73439806,1.7270245038183657E-6,1147000.0,70.59694856146469,40.90196468302787,37.187593705591695,37.421510851171206,793.0,4560.0,1.0,0.0,1.0,1.0,1.0,0.0,0.0,0.0,1.0
1148000.0,17.748345302,1.7283611688876238E-6,1148000.0,70.59390243902439,40.89639040468641,37.18539854789311,37.41690056246223,1793.0,4560.0,0.0,0.0,1.0,1.0,1.0,0.0,0.0,0.0,1.0
1149000.0,17.764590358,1.7299041310542245E-6,1149000.0,70.58729329852045,40.883050592072635,37.17453459795285,37.400878364486054,489.0,4560.0,2.0,0.0,1.0,1.0,1.0,0.0,0.0,0.0,1.0
1150000.0,17.778869425,1.7312635543891769E-6,1150000.0,70.57947826086956,40.86623547502144,37.162374240614824,37.382060194181946,273.0,4560.0,1.0,0.0,1.0,1.0,1.0,0.0,0.0,0.0,1.0
1151000.0,17.792718627,1.7325806770909517E-6,1151000.0,70.57141615986099,40.84964182959995,37.14373196507603,37.36468769531755,1273.0,4560.0,0.0,0.0,1.0,1.0,1.0,0.0,0.0,0.0,1.0
1152000.0,17.808957807,1.7341234844570299E-6,1152000.0,70.5640625,40.834885721757644,37.130218105500475,37.35021228009888,577.0,4560.0,2.0,0.0,1.0,1.0,1.0,0.0,0.0,0.0,1.0
1153000.0,17.823325735,1.7354870857324309E-6,1153000.0,70.55706851691241,40.82034353514033,37.121779009290684,37.33465010244955,809.0,4560.0,1.0,0.0,1.0,1.0,1.0,0.0,0.0,0.0,1.0
1154000.0,17.837199497,1.7368091283925273E-6,1154000.0,70.55025996533796,40.80635321161559,37.112795422751546,37.319714641937615,1809.0,4560.0,0.0,0.0,1.0,1.0,1.0,0.0,0.0,0.0,1.0
1155000.0,17.853441574,1.738350597483433E-6,1155000.0,70.54476190476191,40.7950315232035,37.10416023456899,37.30583602231287,313.0,4560.0,2.0,0.0,1.0,1.0,1.0,0.0,0.0,0.0,1.0
1156000.0,17.867824302,1.7397163177641233E-6,1156000.0,70.53754325259516,40.7798537442404,37.09823679442689,37.28829787625807,289.0,4560.0,1.0,0.0,1.0,1.0,1.0,0.0,0.0,0.0,1.0
1157000.0,17.881756878,1.7410448299088081E-6,1157000.0,70.5323249783924,40.76916978629933,37.0901851086443,37.27848206056524,1289.0,4560.0,0.0,0.0,1.0,1.0,1.0,0.0,0.0,0.0,1.0
1158000.0,17.898062612,1.742593757775695E-6,1158000.0,70.52711571675302,40.75837519083248,37.08064022535461,37.26718463662146,593.0,4560.0,2.0,0.0,1.0,1.0,1.0,0.0,0.0,0.0,1.0
1159000.0,17.91197326,1.7439205244956952E-6,1159000.0,70.5213977566868,40.74656541554937,37.0705866967754,37.25515042661584,1593.0,4560.0,0.0,0.0,1.0,1.0,1.0,0.0,0.0,0.0,1.0
1160000.0,17.928256986,1.7454659463228286E-6,1160000.0,70.5133620689655,40.72994000153747,37.055582545711495,37.2380676271771,257.0,4560.0,2.0,0.0,1.0,1.0,1.0,0.0,0.0,0.0,1.0
1161000.0,17.942489215,1.7468188486387974E-6,1161000.0,70.50534022394488,40.71298895513785,37.03886886813269,37.22066898277585,41.0,4528.0,1.0,0.0,1.0,1.0,1.0,0.0,0.0,0.0,1.0
1162000.0,17.95638272,1.7481450154443086E-6,1162000.0,70.49802065404475,40.69791811343256,37.02747136677167,37.20522561665866,1041.0,4560.0,0.0,0.0,1.0,1.0,1.0,0.0,0.0,0.0,1.0
1163000.0,17.971775266,1.749672407254105E-6,1163000.0,70.49561478933792,40.6933042196119,37.025862385388464,37.203458846136265,2041.0,20560.0,0.0,0.0,6.0,5.0,5.0,1.0,0.0,0.0,1.0
1164000.0,17.986547936,1.7510824923681759E-6,1164000.0,70.4905498281787,40.68200928232392,37.01660902953246,37.18787315786875,833.0,4560.0,1.0,0.0,1.0,1.0,1.0,0.0,0.0,0.0,1.0
1165000.0,18.002007149,1.7526324327476614E-6,1165000.0,70.48763948497853,40.67567608790282,37.012759798847675,37.18135642768398,1833.0,21568.0,0.0,0.0,6.0,5.0,5.0,1.0,0.0,0.0,1.0
1166000.0,18.017648215,1.7541154703968475E-6,1166000.0,70.47830188679245,40.65637649941231,36.998533968552614,37.15978275751904,49.0,4552.0,3.0,0.0,1.0,1.0,1.0,0.0,0.0,0.0,1.0
1167000.0,18.031492656,1.7554335156273078E-6,1167000.0,70.47309340188518,40.645221921935345,36.989425062036105,37.146656403278214,1049.0,4560.0,0.0,0.0,1.0,1.0,1.0,0.0,0.0,0.0,1.0
1168000.0,18.047725022,1.7569742646545111E-6,1168000.0,70.46746575342466,40.6337358247292,36.985635706312955,37.136077593041136,321.0,4560.0,2.0,0.0,1.0,1.0,1.0,0.0,0.0,0.0,1.0
1169000.0,18.062081099,1.7583399500332402E-6,1169000.0,70.46372968349016,40.625998719581304,36.981038406853834,37.12872188556112,73.0,4560.0,1.0,0.0,1.0,1.0,1.0,0.0,0.0,0.0,1.0
1170000.0,18.076738739,1.7597314107159403E-6,1170000.0,70.45273504273504,40.60320367900758,36.95853559796781,37.10511378108329,433.0,4560.0,2.0,0.0,1.0,1.0,1.0,0.0,0.0,0.0,1.0
1171000.0,18.090604604,1.7610530452266275E-6,1171000.0,70.4466268146883,40.590807551378184,36.94565304530977,37.09259333316366,1433.0,4560.0,0.0,0.0,1.0,1.0,1.0,0.0,0.0,0.0,1.0
1172000.0,18.104479214,1.762380854257873E-6,1172000.0,70.44266211604095,40.582830000959106,36.94067276728747,37.08543480195494,2433.0,4560.0,0.0,0.0,1.0,1.0,1.0,0.0,0.0,0.0,1.0
1173000.0,18.120789318,1.7639272942717685E-6,1173000.0,70.44006820119351,40.577057476128275,36.93769392216559,37.07845186765965,9.0,4448.0,2.0,0.0,1.0,1.0,1.0,0.0,0.0,0.0,1.0
1174000.0,18.135527753,1.7653266079004938E-6,1174000.0,70.43057921635435,40.55773411517284,36.92046030647121,37.05314158577958,337.0,4560.0,2.0,0.0,1.0,1.0,1.0,0.0,0.0,0.0,1.0
1175000.0,18.14984877,1.7666871797099897E-6,1175000.0,70.42161702127659,40.53957937270838,36.90503422108454,37.034661680834255,217.0,4560.0,1.0,0.0,1.0,1.0,1.0,0.0,0.0,0.0,1.0
1176000.0,18.164636855,1.7680921254318913E-6,1176000.0,70.40960884353741,40.51558962105718,36.88390787502405,37.00878480751443,97.0,4560.0,2.0,0.0,1.0,1.0,1.0,0.0,0.0,0.0,1.0
1177000.0,18.178548922,1.7694193730028825E-6,1177000.0,70.4016142735769,40.499310282800856,36.87179487179489,36.99168023150662,1097.0,4560.0,0.0,0.0,1.0,1.0,1.0,0.0,0.0,0.0,1.0
1178000.0,18.193961098,1.7709563360976534E-6,1178000.0,70.39864176570458,40.49321904882767,36.86912850705439,36.98526661233282,2097.0,21992.0,0.0,0.0,6.0,5.0,5.0,1.0,0.0,0.0,1.0
1179000.0,18.208781021,1.7723711156469546E-6,1179000.0,70.3913486005089,40.47788607787352,36.85655679881921,36.96863111176916,985.0,4560.0,1.0,0.0,1.0,1.0,1.0,0.0,0.0,0.0,1.0
1180000.0,18.225143792,1.7739252584331506E-6,1180000.0,70.3856779661017,40.465686376283664,36.84287575840274,36.95317616536373,481.0,4560.0,2.0,0.0,1.0,1.0,1.0,0.0,0.0,0.0,1.0
1181000.0,18.239463679,1.7752876788970375E-6,1181000.0,70.38272650296359,40.45951595088397,36.842409370536686,36.94681092696012,777.0,4560.0,1.0,0.0,1.0,1.0,1.0,0.0,0.0,0.0,1.0
1182000.0,18.25577507,1.7768343084539373E-6,1182000.0,70.38147208121828,40.45648968815339,36.84167798710823,36.93962908524987,81.0,4560.0,2.0,0.0,1.0,1.0,1.0,0.0,0.0,0.0,1.0
1183000.0,18.269648246,1.7781550893694061E-6,1183000.0,70.37514792899408,40.44421459654045,36.83070234571863,36.926086635699214,1081.0,4560.0,0.0,0.0,1.0,1.0,1.0,0.0,0.0,0.0,1.0
1184000.0,18.283505705,1.7794797083472794E-6,1184000.0,70.37086148648649,40.43574815826502,36.8229304547804,36.92005883474127,2081.0,4560.0,0.0,0.0,1.0,1.0,1.0,0.0,0.0,0.0,1.0
1185000.0,18.297887668,1.780847320476483E-6,1185000.0,70.36970464135021,40.43362327768971,36.82558074678881,36.919329020389156,201.0,4560.0,1.0,0.0,1.0,1.0,1.0,0.0,0.0,0.0,1.0
1186000.0,18.311745321,1.7821704092851905E-6,1186000.0,70.36559865092748,40.424919804104384,36.819549656112144,36.9091470463635,1201.0,4560.0,0.0,0.0,1.0,1.0,1.0,0.0,0.0,0.0,1.0
1187000.0,18.328003779,1.7837128273550423E-6,1187000.0,70.36444818871104,40.42239929407541,36.819701927877894,36.905372587142665,249.0,4560.0,2.0,0.0,1.0,1.0,1.0,0.0,0.0,0.0,1.0
1188000.0,18.341817016,1.7850285879528876E-6,1188000.0,70.35707070707072,40.40766149187694,36.80793565914565,36.89207472783478,1249.0,4560.0,0.0,0.0,1.0,1.0,1.0,0.0,0.0,0.0,1.0
1189000.0,18.357824839,1.786548620072024E-6,1189000.0,70.34878048780487,40.38986860469549,36.79455851585455,36.87377907174535,425.0,4560.0,2.0,0.0,1.0,1.0,1.0,0.0,0.0,0.0,1.0
1190000.0,18.372031734,1.7878994081884687E-6,1190000.0,70.33957983193278,40.37102158020131,36.77595129212367,36.85411068452371,497.0,4560.0,1.0,0.0,1.0,1.0,1.0,0.0,0.0,0.0,1.0
1191000.0,18.385862751,1.7892197821200766E-6,1191000.0,70.3367758186398,40.36525055662653,36.77335414108947,36.84512541093062,1497.0,4560.0,0.0,0.0,1.0,1.0,1.0,0.0,0.0,0.0,1.0
1192000.0,18.401231193,1.7907481536076842E-6,1192000.0,70.33296979865771,40.3574524511983,36.76624156897525,36.838410882273614,2497.0,21984.0,0.0,0.0,6.0,5.0,5.0,1.0,0.0,0.0,1.0
1193000.0,18.41625258,1.7921767564852973E-6,1193000.0,70.32782900251466,40.34600630896205,36.756621555228,36.82490675137864,777.0,4560.0,2.0,0.0,1.0,1.0,1.0,0.0,0.0,0.0,1.0
1194000.0,18.430563106,1.7935396190979686E-6,1194000.0,70.32319932998325,40.336542870606,36.75046008135989,36.81486025271133,49.0,4536.0,1.0,0.0,1.0,1.0,1.0,0.0,0.0,0.0,1.0
1195000.0,18.44474366,1.7948887831632195E-6,1195000.0,70.31523012552302,40.3201145686691,36.735145199576955,36.79736594074435,889.0,4560.0,1.0,0.0,1.0,1.0,1.0,0.0,0.0,0.0,1.0
1196000.0,18.459947198,1.796332255141638E-6,1196000.0,70.3071906354515,40.303705517741044,36.719001976161316,36.78062292607203,97.0,4560.0,3.0,0.0,1.0,1.0,1.0,0.0,0.0,0.0,1.0
1197000.0,18.473790895,1.797648166668767E-6,1197000.0,70.30342522974102,40.29571185077924,36.71636051599948,36.771292471993654,1097.0,4560.0,0.0,0.0,1.0,1.0,1.0,0.0,0.0,0.0,1.0
1198000.0,18.489937022,1.799182534504659E-6,1198000.0,70.29799666110183,40.28498981284799,36.70904087952431,36.76089529638833,593.0,4560.0,2.0,0.0,1.0,1.0,1.0,0.0,0.0,0.0,1.0
1199000.0,18.50418276,1.8005401999746573E-6,1199000.0,70.2908256880734,40.26948648881915,36.698902489302114,36.74319241656339,633.0,4560.0,1.0,0.0,1.0,1.0,1.0,0.0,0.0,0.0,1.0
1200000.0,18.518011503,1.8018576092951496E-6,1200000.0,70.28649999999999,40.26015745672546,36.69155951379049,36.73278552683642,1633.0,4560.0,0.0,0.0,1.0,1.0,1.0,0.0,0.0,0.0,1.0
1201000.0,18.532673769,1.803251511904709E-6,1201000.0,70.28093255620317,40.25181282692362,36.67920926626681,36.73925141878792,457.0,4560.0,2.0,0.0,1.0,1.0,1.0,0.0,0.0,0.0,1.0
1202000.0,18.54707493,1.8046371633839794E-6,1202000.0,70.28003327787022,40.25278657024449,36.67747939377825,36.75449731515463,1457.0,9080.0,0.0,0.0,3.0,2.0,2.0,1.0,0.0,0.0,1.0
1203000.0,18.561506783,1.8060111325470068E-6,1203000.0,70.28054862842893,40.25683452241436,36.677081008703425,36.77495225295325,697.0,4560.0,1.0,0.0,1.0,1.0,1.0,0.0,0.0,0.0,1.0
1204000.0,18.576196621,1.8074233134722088E-6,1204000.0,70.2796511627907,40.25790519579635,36.67199365716481,36.79057139374712,1697.0,9088.0,0.0,0.0,3.0,2.0,2.0,1.0,0.0,0.0,1.0
1205000.0,18.590268801,1.8087817669958247E-6,1205000.0,70.28182572614108,40.26497359024157,36.67233738536247,36.811123658949754,2697.0,9104.0,0.0,0.0,3.0,2.0,2.0,1.0,0.0,0.0,1.0
1206000.0,18.604958681,1.8101812134118088E-6,1206000.0,70.28300165837479,40.26967276763548,36.673357670682435,36.82829151698681,657.0,4560.0,1.0,0.0,1.0,1.0,1.0,0.0,0.0,0.0,1.0
1207000.0,18.619652004,1.811578798352958E-6,1207000.0,70.27986743993372,40.26611675337049,36.66843802909154,36.840492849873755,985.0,4560.0,1.0,0.0,1.0,1.0,1.0,0.0,0.0,0.0,1.0
1208000.0,18.634685312,1.813007041547437E-6,1208000.0,70.28021523178808,40.26901728689956,36.67238766874162,36.85472268245408,225.0,4560.0,1.0,0.0,1.0,1.0,1.0,0.0,0.0,0.0,1.0
1209000.0,18.649034459,1.8143697513072523E-6,1209000.0,70.27642679900744,40.2633288767777,36.66640230523171,36.860803440908576,841.0,4560.0,1.0,0.0,1.0,1.0,1.0,0.0,0.0,0.0,1.0
1210000.0,18.663425951,1.8157589997308536E-6,1210000.0,70.27636363636364,40.26553140258564,36.665563123824555,36.8780932991681,1841.0,9096.0,0.0,0.0,3.0,2.0,2.0,1.0,0.0,0.0,1.0
1211000.0,18.677873906,1.8171350400958727E-6,1211000.0,70.27605284888521,40.267012919998365,36.66586903048495,36.894929778457204,921.0,4560.0,1.0,0.0,1.0,1.0,1.0,0.0,0.0,0.0,1.0
1212000.0,18.692228041,1.8185191078582053E-6,1212000.0,70.278300330033,40.27415818360297,36.67006557549973,36.917268347696044,1921.0,9104.0,0.0,0.0,3.0,2.0,2.0,1.0,0.0,0.0,1.0
1213000.0,18.706013415,1.8198538118335996E-6,1213000.0,70.28342951360264,40.28635870336786,36.68718768387679,36.94060595882251,2921.0,9104.0,0.0,0.0,3.0,2.0,2.0,1.0,0.0,0.0,1.0
1214000.0,18.720773519,1.8212562824991572E-6,1214000.0,70.28303130148271,40.287961840835464,36.68529909879869,36.9539497713304,625.0,4560.0,2.0,0.0,1.0,1.0,1.0,0.0,0.0,0.0,1.0
1215000.0,18.73562938,1.8226682207208746E-6,1215000.0,70.28576131687242,40.29580924990558,36.68830087033683,36.97631994693155,185.0,4560.0,1.0,0.0,1.0,1.0,1.0,0.0,0.0,0.0,1.0
1216000.0,18.74954736,1.8239963780643004E-6,1216000.0,70.28536184210526,40.29764963817383,36.68597061477672,36.99377313712874,1185.0,4560.0,0.0,0.0,1.0,1.0,1.0,0.0,0.0,0.0,1.0
1217000.0,18.763816261,1.82537222731457E-6,1217000.0,70.28841413311422,40.306224177874,36.69376864574143,37.01510216168198,2185.0,9104.0,0.0,0.0,3.0,2.0,2.0,1.0,0.0,0.0,1.0
1218000.0,18.7786729,1.826784977416597E-6,1218000.0,70.2867816091954,40.30492394028376,36.69235774860758,37.02602954969001,593.0,4560.0,2.0,0.0,1.0,1.0,1.0,0.0,0.0,0.0,1.0
1219000.0,18.79406826,1.8282464704083755E-6,1219000.0,70.28326497128793,40.29996135151244,36.6853801006051,37.0347967106601,377.0,4560.0,2.0,0.0,1.0,1.0,1.0,0.0,0.0,0.0,1.0
1220000.0,18.808561956,1.8296450149233494E-6,1220000.0,70.2822131147541,40.300019223006196,36.685090591573896,37.04525604227115,1377.0,9088.0,0.0,0.0,3.0,2.0,2.0,1.0,0.0,0.0,1.0
1221000.0,18.82297144,1.8310130969038377E-6,1221000.0,70.28329238329238,40.3040871052985,36.68779161679154,37.06195089374768,713.0,4560.0,1.0,0.0,1.0,1.0,1.0,0.0,0.0,0.0,1.0
1222000.0,18.837230619,1.832389189165514E-6,1222000.0,70.28682487725041,40.31334061469835,36.69273848213913,37.086207464163245,1713.0,9088.0,0.0,0.0,3.0,2.0,2.0,1.0,0.0,0.0,1.0
1223000.0,18.852102208,1.8338033608955434E-6,1223000.0,70.28421913327882,40.31039942614683,36.690236411684886,37.094926038626774,697.0,4560.0,2.0,0.0,1.0,1.0,1.0,0.0,0.0,0.0,1.0
1224000.0,18.867363489,1.8352470405096354E-6,1224000.0,70.28292483660131,40.309589550697275,36.688980791054874,37.10617548652599,1.0,3752.0,2.0,0.0,1.0,1.0,1.0,0.0,0.0,0.0,1.0
1225000.0,18.881246422,1.8365687503298764E-6,1225000.0,70.28073469387756,40.30754184135413,36.684052446038294,37.11897721463018,1001.0,4560.0,0.0,0.0,1.0,1.0,1.0,0.0,0.0,0.0,1.0
1226000.0,18.896130583,1.8379815299937584E-6,1226000.0,70.28181076672104,40.311797551028796,36.687513358622766,37.13724231695618,49.0,4560.0,1.0,0.0,1.0,1.0,1.0,0.0,0.0,0.0,1.0
1227000.0,18.910519954,1.8393697100422614E-6,1227000.0,70.28215158924206,40.31446190394458,36.68698745852355,37.15435047879052,1049.0,9056.0,0.0,0.0,3.0,2.0,2.0,1.0,0.0,0.0,1.0
1228000.0,18.92530065,1.8407721183575854E-6,1228000.0,70.28607491856678,40.324360051480866,36.6962927237178,37.17834822581479,225.0,4560.0,2.0,0.0,1.0,1.0,1.0,0.0,0.0,0.0,1.0
1229000.0,18.939849235,1.8421729181998366E-6,1229000.0,70.28657445077299,40.32712453561376,36.696765828062084,37.19485558418151,1225.0,9000.0,0.0,0.0,3.0,2.0,2.0,1.0,0.0,0.0,1.0
1230000.0,18.95409296,1.8435272081037112E-6,1230000.0,70.29024390243902,40.336170720446624,36.70563782800726,37.21716541764165,81.0,4560.0,1.0,0.0,1.0,1.0,1.0,0.0,0.0,0.0,1.0
1231000.0,18.968617888,1.8449071525288702E-6,1231000.0,70.28748984565394,40.33232727895397,36.69885135450865,37.22500832397959,921.0,4560.0,1.0,0.0,1.0,1.0,1.0,0.0,0.0,0.0,1.0
1232000.0,18.983245999,1.8463196965207365E-6,1232000.0,70.28944805194806,40.33851856251396,36.70188666193993,37.24686777805971,1921.0,9072.0,0.0,0.0,3.0,2.0,2.0,1.0,0.0,0.0,1.0
1233000.0,18.998304428,1.8477523832328306E-6,1233000.0,70.286699107867,40.3351999083454,36.69620780279953,37.255630663417264,873.0,4560.0,2.0,0.0,1.0,1.0,1.0,0.0,0.0,0.0,1.0
1234000.0,19.012679424,1.8491384029727697E-6,1234000.0,70.28889789303079,40.341525948153574,36.70281823392516,37.27502600459872,1873.0,9088.0,0.0,0.0,3.0,2.0,2.0,1.0,0.0,0.0,1.0
1235000.0,19.027102248,1.8505161690707027E-6,1235000.0,70.2897975708502,40.34559628682665,36.70392796149666,37.29453986157394,697.0,4560.0,1.0,0.0,1.0,1.0,1.0,0.0,0.0,0.0,1.0
1236000.0,19.041443514,1.851897185439606E-6,1236000.0,70.2911003236246,40.35015148200261,36.705570465518356,37.31379464575318,1697.0,9096.0,0.0,0.0,3.0,2.0,2.0,1.0,0.0,0.0,1.0
1237000.0,19.056232763,1.853301690805161E-6,1237000.0,70.29361358124495,40.357482443493076,36.710338900438,37.33556614359336,457.0,4560.0,2.0,0.0,1.0,1.0,1.0,0.0,0.0,0.0,1.0
1238000.0,19.070675898,1.8546956255468912E-6,1238000.0,70.29483037156704,40.362059386981436,36.71278186689978,37.35328488540463,1457.0,9016.0,0.0,0.0,3.0,2.0,2.0,1.0,0.0,0.0,1.0
1239000.0,19.084543417,1.8560331167720072E-6,1239000.0,70.29814366424536,40.37085233464698,36.72023578205979,37.377415737411454,2457.0,9104.0,0.0,0.0,3.0,2.0,2.0,1.0,0.0,0.0,1.0
1240000.0,19.098947339,1.8574058576950782E-6,1240000.0,70.30056451612903,40.3776115660717,36.72285223367697,37.39834772557285,641.0,4560.0,1.0,0.0,1.0,1.0,1.0,0.0,0.0,0.0,1.0
1241000.0,19.113929233,1.858830890646732E-6,1241000.0,70.29709911361805,40.37248438065891,36.714887100318634,37.40513884667177,809.0,4560.0,1.0,0.0,1.0,1.0,1.0,0.0,0.0,0.0,1.0
1242000.0,19.128366916,1.8602267792712958E-6,1242000.0,70.29355877616747,40.367326048211986,36.70882601677339,37.412595716384345,1809.0,9104.0,0.0,0.0,3.0,2.0,2.0,1.0,0.0,0.0,1.0
1243000.0,19.142729796,1.861590079814657E-6,1243000.0,70.29372485921158,40.369652426413815,36.71011698161716,37.42624156501757,601.0,4560.0,1.0,0.0,1.0,1.0,1.0,0.0,0.0,0.0,1.0
1244000.0,19.157204288,1.8629864417509464E-6,1244000.0,70.29308681672026,40.370286907731675,36.70806730057821,37.43975541587597,1601.0,9048.0,0.0,0.0,3.0,2.0,2.0,1.0,0.0,0.0,1.0
1245000.0,19.171302161,1.8643522481057833E-6,1245000.0,70.29710843373495,40.37992764257644,36.71724595841969,37.46167466291462,2601.0,9096.0,0.0,0.0,3.0,2.0,2.0,1.0,0.0,0.0,1.0
1246000.0,19.18620545,1.8657688790669519E-6,1246000.0,70.296227929374,40.38055838306896,36.71316594050738,37.47715209525001,657.0,4560.0,2.0,0.0,1.0,1.0,1.0,0.0,0.0,0.0,1.0
1247000.0,19.200657053,1.8671651265276636E-6,1247000.0,70.29671210906174,40.38354159928079,36.714267652174506,37.493355293911165,1657.0,9080.0,0.0,0.0,3.0,2.0,2.0,1.0,0.0,0.0,1.0
1248000.0,19.214470439,1.8684937660365095E-6,1248000.0,70.29959935897436,40.391292882509525,36.722001618393705,37.514371352373765,2657.0,9096.0,0.0,0.0,3.0,2.0,2.0,1.0,0.0,0.0,1.0
1249000.0,19.229682857,1.8699405368393823E-6,1249000.0,70.29655724579665,40.3878805489451,36.713969646259706,37.524144399930634,425.0,4560.0,2.0,0.0,1.0,1.0,1.0,0.0,0.0,0.0,1.0
1250000.0,19.244106421,1.8713347917269583E-6,1250000.0,70.2948,40.3864047198193,36.710727038750974,37.53637816469005,1425.0,9080.0,0.0,0.0,3.0,2.0,2.0,1.0,0.0,0.0,1.0
1251000.0,19.258491665,1.8727037876377834E-6,1251000.0,70.29408473221423,40.38695532789808,36.70797901058155,37.55077074059322,537.0,4560.0,1.0,0.0,1.0,1.0,1.0,0.0,0.0,0.0,1.0
1252000.0,19.272831115,1.8740908613035372E-6,1252000.0,70.29169329073483,40.38314903629485,36.703384970397885,37.55699560151764,1537.0,9096.0,0.0,0.0,3.0,2.0,2.0,1.0,0.0,0.0,1.0
1253000.0,19.28736385,1.8754692014262306E-6,1253000.0,70.29337589784517,40.38748439735217,36.706716953412204,37.57427461187688,41.0,4560.0,2.0,0.0,1.0,1.0,1.0,0.0,0.0,0.0,1.0
1254000.0,19.301239441,1.8767905568632276E-6,1254000.0,70.29314194577353,40.38902352890445,36.70413766855156,37.58979788773925,1041.0,4560.0,0.0,0.0,1.0,1.0,1.0,0.0,0.0,0.0,1.0
1255000.0,19.316527269,1.878243170632757E-6,1255000.0,70.29521912350599,40.39510729849999,36.70992451946095,37.60763580312001,153.0,4560.0,1.0,0.0,1.0,1.0,1.0,0.0,0.0,0.0,1.0
1256000.0,19.330908829,1.8796123517043928E-6,1256000.0,70.29339171974523,40.39340940485525,36.705886743546166,37.61807949655083,897.0,4560.0,1.0,0.0,1.0,1.0,1.0,0.0,0.0,0.0,1.0
1257000.0,19.345212277,1.880996564502273E-6,1257000.0,70.29387430389818,40.39669988386049,36.70580537771654,37.634387051409895,1897.0,9072.0,0.0,0.0,3.0,2.0,2.0,1.0,0.0,0.0,1.0
1258000.0,19.359571734,1.8823616798660344E-6,1258000.0,70.29300476947536,40.397178223272995,36.70466728429667,37.64751225062858,721.0,4560.0,1.0,0.0,1.0,1.0,1.0,0.0,0.0,0.0,1.0
1259000.0,19.37391575,1.8837301365011453E-6,1259000.0,70.29316918189039,40.399297372022126,36.700803406565704,37.663088769625666,921.0,4560.0,1.0,0.0,1.0,1.0,1.0,0.0,0.0,0.0,1.0
1260000.0,19.388285298,1.885110813185111E-6,1260000.0,70.29309523809523,40.40074187087706,36.70468035023995,37.673567459650094,1921.0,9088.0,0.0,0.0,3.0,2.0,2.0,1.0,0.0,0.0,1.0
1261000.0,19.402665109,1.8864795599002162E-6,1261000.0,70.29659000793022,40.40950100129209,36.7121972979001,37.69596843546286,9.0,4488.0,1.0,0.0,1.0,1.0,1.0,0.0,0.0,0.0,1.0
1262000.0,19.416932645,1.8878371767624403E-6,1262000.0,70.29326465927099,40.40443956008394,36.7068925348037,37.7033080977607,337.0,4560.0,1.0,0.0,1.0,1.0,1.0,0.0,0.0,0.0,1.0
1263000.0,19.430742526,1.8891507313426167E-6,1263000.0,70.29224069675377,40.404301151687335,36.70478009149921,37.71772130676773,1337.0,4560.0,0.0,0.0,1.0,1.0,1.0,0.0,0.0,0.0,1.0
1264000.0,19.444975272,1.8905267175310558E-6,1264000.0,70.29177215189874,40.40551871250827,36.703317449267345,37.73274854286023,2337.0,9080.0,0.0,0.0,3.0,2.0,2.0,1.0,0.0,0.0,1.0
1265000.0,19.459524931,1.891908288841688E-6,1265000.0,70.2898023715415,40.40392903216493,36.69929664762315,37.7436689150687,681.0,4560.0,2.0,0.0,1.0,1.0,1.0,0.0,0.0,0.0,1.0
1266000.0,19.473824293,1.8932884661507914E-6,1266000.0,70.28846761453397,40.403177077332394,36.69705471025896,37.7579505271118,1681.0,9096.0,0.0,0.0,3.0,2.0,2.0,1.0,0.0,0.0,1.0
1267000.0,19.488147225,1.894652954890916E-6,1267000.0,70.29029202841357,40.408609054598394,36.70164912499011,37.77716800174556,537.0,4560.0,1.0,0.0,1.0,1.0,1.0,0.0,0.0,0.0,1.0
1268000.0,19.502424581,1.8960285556511475E-6,1268000.0,70.28817034700316,40.405650317938765,36.69815410361618,37.785726317041025,1537.0,9056.0,0.0,0.0,3.0,2.0,2.0,1.0,0.0,0.0,1.0
1269000.0,19.516955097,1.89740830922711E-6,1269000.0,70.28857368006304,40.407971636765495,36.698230415365494,37.799751883966145,393.0,4560.0,2.0,0.0,1.0,1.0,1.0,0.0,0.0,0.0,1.0
1270000.0,19.532260773,1.8988601480882428E-6,1270000.0,70.28748031496063,40.4079174422217,36.69097699327062,37.8132827949901,113.0,4560.0,2.0,0.0,1.0,1.0,1.0,0.0,0.0,0.0,1.0
1271000.0,19.5461557,1.9001835174108214E-6,1271000.0,70.28630999213217,40.40756131393847,36.68568918633463,37.827951501782046,1113.0,4560.0,0.0,0.0,1.0,1.0,1.0,0.0,0.0,0.0,1.0
1272000.0,19.560583664,1.9015801385375196E-6,1272000.0,70.28522012578617,40.40703313295618,36.68344065559271,37.83784672769315,2113.0,9072.0,0.0,0.0,3.0,2.0,2.0,1.0,0.0,0.0,1.0
1273000.0,19.574972167,1.9029492659253855E-6,1273000.0,70.28695993715633,40.41183090756791,36.68976483387731,37.85210573358921,233.0,4560.0,1.0,0.0,1.0,1.0,1.0,0.0,0.0,0.0,1.0
1274000.0,19.588914098,1.90428126698388E-6,1274000.0,70.28657770800628,40.412648992790764,36.68902194273481,37.86782084613567,1233.0,4560.0,0.0,0.0,1.0,1.0,1.0,0.0,0.0,0.0,1.0
1275000.0,19.603810933,1.9057319688574018E-6,1275000.0,70.28894117647059,40.41922726562037,36.69381186422832,37.88975076609789,2233.0,13608.0,0.0,0.0,5.0,3.0,3.0,2.0,0.0,0.0,1.0
1276000.0,19.618418688,1.9071197822824555E-6,1276000.0,70.28628526645768,40.416002621925536,36.689070157715015,37.89982982305857,481.0,4560.0,2.0,0.0,1.0,1.0,1.0,0.0,0.0,0.0,1.0
1277000.0,19.632622775,1.9084678340787275E-6,1277000.0,70.2850430696946,40.41552340956211,36.68575471194404,37.91181730569423,905.0,4560.0,1.0,0.0,1.0,1.0,1.0,0.0,0.0,0.0,1.0
1278000.0,19.647899405,1.9099171074451463E-6,1278000.0,70.28411580594678,40.41547034739053,36.68437803745563,37.924028369629,177.0,4560.0,2.0,0.0,1.0,1.0,1.0,0.0,0.0,0.0,1.0
1279000.0,19.661790334,1.911240268485941E-6,1279000.0,70.28131352619233,40.41139416338635,36.67784502563025,37.931991717777386,1177.0,4560.0,0.0,0.0,1.0,1.0,1.0,0.0,0.0,0.0,1.0
1280000.0,19.676659217,1.9126542752147234E-6,1280000.0,70.28109375,40.41263860344587,36.67829112185703,37.946739529382974,97.0,4536.0,1.0,0.0,1.0,1.0,1.0,0.0,0.0,0.0,1.0
1281000.0,19.690524749,1.9139784606418773E-6,1281000.0,70.27939110070257,40.41101142156497,36.673785690761555,37.95886640626145,1097.0,4560.0,0.0,0.0,1.0,1.0,1.0,0.0,0.0,0.0,1.0
1282000.0,19.704844115,1.915354908371718E-6,1282000.0,70.2798751950078,40.41364731421947,36.671520035103825,37.97411274030205,2097.0,9104.0,0.0,0.0,3.0,2.0,2.0,1.0,0.0,0.0,1.0
1283000.0,19.720158348,1.916809840916233E-6,1283000.0,70.27848791893999,40.41222400273789,36.667480480914385,37.984820123175886,217.0,4560.0,3.0,0.0,1.0,1.0,1.0,0.0,0.0,0.0,1.0
1284000.0,19.734622455,1.918206637885986E-6,1284000.0,70.27967289719626,40.41610218521664,36.669869608726614,38.00106903392153,1217.0,9096.0,0.0,0.0,3.0,2.0,2.0,1.0,0.0,0.0,1.0
1285000.0,19.749543294,1.9196226210419887E-6,1285000.0,70.28132295719844,40.420540362738876,36.676400212910956,38.014637495556656,73.0,4536.0,2.0,0.0,1.0,1.0,1.0,0.0,0.0,0.0,1.0
1286000.0,19.764062677,1.921023073241722E-6,1286000.0,70.2807931570762,40.42093652066145,36.676392471862265,38.027056784221905,1073.0,9032.0,0.0,0.0,3.0,2.0,2.0,1.0,0.0,0.0,1.0
1287000.0,19.777845146,1.922349109816811E-6,1287000.0,70.28438228438229,40.42969884072547,36.6847398700385,38.04863904309414,2073.0,9104.0,0.0,0.0,3.0,2.0,2.0,1.0,0.0,0.0,1.0
1288000.0,19.792765,1.9237684269784964E-6,1288000.0,70.28105590062111,40.42417019819432,36.67877023349682,38.05286819848716,353.0,4560.0,2.0,0.0,1.0,1.0,1.0,0.0,0.0,0.0,1.0
1289000.0,19.807318337,1.925173539681283E-6,1289000.0,70.28091543832429,40.42538759342831,36.6781217612084,38.06832419638802,1353.0,8488.0,0.0,0.0,3.0,2.0,2.0,1.0,0.0,0.0,1.0
1290000.0,19.821315688,1.926523523943734E-6,1290000.0,70.28248062015504,40.42988605268336,36.68278132241479,38.08430158376376,2353.0,9096.0,0.0,0.0,3.0,2.0,2.0,1.0,0.0,0.0,1.0
1291000.0,19.836353539,1.9279516385434624E-6,1291000.0,70.28133230054222,40.428878079206385,36.67852221057758,38.094900027106924,217.0,4560.0,2.0,0.0,1.0,1.0,1.0,0.0,0.0,0.0,1.0
1292000.0,19.850900815,1.929351589778593E-6,1292000.0,70.28157894736842,40.43112695642964,36.67723799675768,38.11127211652995,1217.0,9096.0,0.0,0.0,3.0,2.0,2.0,1.0,0.0,0.0,1.0
1293000.0,19.866091052,1.9307947420520493E-6,1293000.0,70.27772621809744,40.42490215305764,36.669621905239005,38.11429344377921,265.0,4560.0,3.0,0.0,1.0,1.0,1.0,0.0,0.0,0.0,1.0
1294000.0,19.880578168,1.932187464648186E-6,1294000.0,70.27349304482226,40.417445762137554,36.662028765961644,38.1161064053991,1265.0,9096.0,0.0,0.0,3.0,2.0,2.0,1.0,0.0,0.0,1.0
1295000.0,19.895075309,1.9335676494855776E-6,1295000.0,70.27366795366795,40.41880729925235,36.66163740977364,38.12797240674337,537.0,4560.0,1.0,0.0,1.0,1.0,1.0,0.0,0.0,0.0,1.0
1296000.0,19.909470467,1.9349606779124185E-6,1296000.0,70.27469135802468,40.422165620782216,36.66243035152647,38.14426368488319,1537.0,9104.0,0.0,0.0,3.0,2.0,2.0,1.0,0.0,0.0,1.0
1297000.0,19.924077188,1.9363462165310015E-6,1297000.0,70.27756360832691,40.42957742055615,36.66622856016297,38.166355760794424,137.0,4560.0,2.0,0.0,1.0,1.0,1.0,0.0,0.0,0.0,1.0
1298000.0,19.937898955,1.937662618008435E-6,1298000.0,70.27388289676425,40.423911053849785,36.66012219986013,38.171513179084606,1137.0,4560.0,0.0,0.0,1.0,1.0,1.0,0.0,0.0,0.0,1.0
1299000.0,19.952329786,1.9390492725768553E-6,1299000.0,70.27359507313318,40.424684109983176,36.66051554593246,38.184495937887704,2137.0,9064.0,0.0,0.0,3.0,2.0,2.0,1.0,0.0,0.0,1.0
1300000.0,19.966674697,1.940416211428573E-6,1300000.0,70.27276923076923,40.42440115509553,36.657580769148815,38.19732193832429,737.0,4560.0,1.0,0.0,1.0,1.0,1.0,0.0,0.0,0.0,1.0
1301000.0,19.981106723,1.941814241287763E-6,1301000.0,70.27232897770945,40.42497348169506,36.65712924004671,38.2113158714563,1737.0,9104.0,0.0,0.0,3.0,2.0,2.0,1.0,0.0,0.0,1.0
1302000.0,19.99553217,1.9431858092751383E-6,1302000.0,70.27027649769585,40.42293510030567,36.651686643667475,38.22153558381199,689.0,4560.0,2.0,0.0,1.0,1.0,1.0,0.0,0.0,0.0,1.0
1303000.0,20.00973659,1.9445379495368263E-6,1303000.0,70.27052954719876,40.4250885728257,36.65157261091186,38.23612415435906,921.0,4560.0,1.0,0.0,1.0,1.0,1.0,0.0,0.0,0.0,1.0
1304000.0,20.024697362,1.945959115653049E-6,1304000.0,70.26664110429448,40.41844694411018,36.64718973343398,38.24060682132413,801.0,4560.0,1.0,0.0,1.0,1.0,1.0,0.0,0.0,0.0,1.0
1305000.0,20.039401187,1.9473611686607496E-6,1305000.0,70.2649042145594,40.41642695687175,36.64417893097266,38.25002784806099,265.0,4560.0,1.0,0.0,1.0,1.0,1.0,0.0,0.0,0.0,1.0
1306000.0,20.053996354,1.9487753342516166E-6,1306000.0,70.26186830015314,40.41160276046856,36.6392263192412,38.25682604030046,1265.0,9000.0,0.0,0.0,3.0,2.0,2.0,1.0,0.0,0.0,1.0
1307000.0,20.068314817,1.9501365524248906E-6,1307000.0,70.26388676358071,40.416765292006716,36.647209077527705,38.275661631112854,89.0,4560.0,1.0,0.0,1.0,1.0,1.0,0.0,0.0,0.0,1.0
1308000.0,20.082835585,1.9515395123422767E-6,1308000.0,70.26215596330275,40.414459201598994,36.644824603837755,38.28531445897254,1089.0,9040.0,0.0,0.0,3.0,2.0,2.0,1.0,0.0,0.0,1.0
1309000.0,20.096330079,1.9528389873749597E-6,1309000.0,70.26325439266616,40.41736735514511,36.64784702544964,38.30061754225789,2089.0,9096.0,0.0,0.0,3.0,2.0,2.0,1.0,0.0,0.0,1.0
1310000.0,20.111285801,1.954263388071114E-6,1310000.0,70.26603053435115,40.42400191048949,36.655472707609995,38.31800712284774,625.0,4560.0,1.0,0.0,1.0,1.0,1.0,0.0,0.0,0.0,1.0
1311000.0,20.125881055,1.955648563927313E-6,1311000.0,70.26193745232648,40.4172654495454,36.65031466366818,38.32034451226266,249.0,4560.0,2.0,0.0,1.0,1.0,1.0,0.0,0.0,0.0,1.0
1312000.0,20.139766762,1.9569717448366873E-6,1312000.0,70.25990853658537,40.4142467383002,36.64502280480419,38.327724942822876,1249.0,4560.0,0.0,0.0,1.0,1.0,1.0,0.0,0.0,0.0,1.0
1313000.0,20.154147508,1.9583460270828324E-6,1313000.0,70.25856816450876,40.412855002985914,36.63873181733368,38.338946706899804,905.0,4560.0,1.0,0.0,1.0,1.0,1.0,0.0,0.0,0.0,1.0
1314000.0,20.168583666,1.959736360499663E-6,1314000.0,70.25700152207001,40.410911304652025,36.635867371175564,38.348506048841905,1905.0,9096.0,0.0,0.0,3.0,2.0,2.0,1.0,0.0,0.0,1.0
1315000.0,20.183038639,1.961113428260461E-6,1315000.0,70.25680608365019,40.411532179895545,36.63684728936352,38.35923217550275,633.0,4560.0,1.0,0.0,1.0,1.0,1.0,0.0,0.0,0.0,1.0
1316000.0,20.197486245,1.962502711362835E-6,1316000.0,70.25676291793313,40.412668683645556,36.637021160869246,38.37238777653397,1633.0,9096.0,0.0,0.0,3.0,2.0,2.0,1.0,0.0,0.0,1.0
1317000.0,20.212852933,1.963959924154013E-6,1317000.0,70.25907365223993,40.41830310682617,36.64323402768566,38.390006197365636,105.0,4552.0,2.0,0.0,1.0,1.0,1.0,0.0,0.0,0.0,1.0
1318000.0,20.226735676,1.965281788276333E-6,1318000.0,70.25606980273142,40.41333614290909,36.6367919572649,38.3953321725575,1105.0,4560.0,0.0,0.0,1.0,1.0,1.0,0.0,0.0,0.0,1.0
1319000.0,20.241265603,1.9666814832847924E-6,1319000.0,70.25398028809704,40.410508195974565,36.63096724385488,38.40291885544191,2105.0,9088.0,0.0,0.0,3.0,2.0,2.0,1.0,0.0,0.0,1.0
1320000.0,20.25601223,1.9680879838256627E-6,1320000.0,70.25424242424242,40.41235622960373,36.630972458704186,38.41612607751859,353.0,4560.0,1.0,0.0,1.0,1.0,1.0,0.0,0.0,0.0,1.0
1321000.0,20.270964613,1.969507765081799E-6,1321000.0,70.25170325510976,40.40870076229846,36.62327315655531,38.42399266681814,41.0,4552.0,2.0,0.0,1.0,1.0,1.0,0.0,0.0,0.0,1.0
1322000.0,20.284972991,1.9708433312194595E-6,1322000.0,70.24931921331317,40.404913491689335,36.620095076947884,38.4311932924653,1041.0,4560.0,0.0,0.0,1.0,1.0,1.0,0.0,0.0,0.0,1.0
1323000.0,20.299469145,1.972248113179609E-6,1323000.0,70.25049130763416,40.40764844985323,36.6213263296549,38.44611575857383,2041.0,9104.0,0.0,0.0,3.0,2.0,2.0,1.0,0.0,0.0,1.0
1324000.0,20.314263658,1.9736521998924417E-6,1324000.0,70.25030211480362,40.408272009098226,36.62231089800317,38.458966498864115,161.0,4560.0,2.0,0.0,1.0,1.0,1.0,0.0,0.0,0.0,1.0
1325000.0,20.328794687,1.9750539558361684E-6,1325000.0,70.25011320754717,40.408757106789835,36.621561653879056,38.470735879921584,1161.0,9032.0,0.0,0.0,3.0,2.0,2.0,1.0,0.0,0.0,1.0
1326000.0,20.343521561,1.9764519889540564E-6,1326000.0,70.24932126696832,40.4078183458193,36.62176838398313,38.47998814805573,337.0,4560.0,2.0,0.0,1.0,1.0,1.0,0.0,0.0,0.0,1.0
1327000.0,20.35754974,1.977789094535893E-6,1327000.0,70.24951017332329,40.409587069648,36.62111115213764,38.49565656313873,1337.0,4560.0,0.0,0.0,1.0,1.0,1.0,0.0,0.0,0.0,1.0
1328000.0,20.372261562,1.979195746487634E-6,1328000.0,70.24691265060241,40.40594452103847,36.61543446839843,38.504099508806014,545.0,4560.0,1.0,0.0,1.0,1.0,1.0,0.0,0.0,0.0,1.0
1329000.0,20.386754468,1.9805932849402666E-6,1329000.0,70.2482317531979,40.40971249891296,36.616882565198374,38.52080243055232,1545.0,9080.0,0.0,0.0,3.0,2.0,2.0,1.0,0.0,0.0,1.0
1330000.0,20.401623375,1.9820053552665853E-6,1330000.0,70.24992481203007,40.41425386859381,36.621362955606635,38.53700818468908,465.0,4560.0,2.0,0.0,1.0,1.0,1.0,0.0,0.0,0.0,1.0
1331000.0,20.416052942,1.983393650324945E-6,1331000.0,70.24973703981968,40.4148688073062,36.622342298507654,38.548444917601806,1465.0,9056.0,0.0,0.0,3.0,2.0,2.0,1.0,0.0,0.0,1.0
1332000.0,20.430942358,1.9848069287846364E-6,1332000.0,70.24984984984985,40.41625191456066,36.624162565791266,38.562194862921864,321.0,4560.0,2.0,0.0,1.0,1.0,1.0,0.0,0.0,0.0,1.0
1333000.0,20.445458604,1.986186228631644E-6,1333000.0,70.2502625656414,40.41820568232639,36.6259103061761,38.57625228462563,969.0,4560.0,1.0,0.0,1.0,1.0,1.0,0.0,0.0,0.0,1.0
1334000.0,20.460323386,1.987621934084752E-6,1334000.0,70.25254872563718,40.42370415463272,36.6311415723447,38.59320090431778,1969.0,9104.0,0.0,0.0,3.0,2.0,2.0,1.0,0.0,0.0,1.0
1335000.0,20.475304676,1.989046723553551E-6,1335000.0,70.25168539325843,40.423026011980525,36.62804520960424,38.6049531583341,441.0,4560.0,2.0,0.0,1.0,1.0,1.0,0.0,0.0,0.0,1.0
1336000.0,20.489850629,1.9904457346518466E-6,1336000.0,70.25,40.4206647189071,36.62764556380764,38.6132772379836,1441.0,8496.0,0.0,0.0,3.0,2.0,2.0,1.0,0.0,0.0,1.0
1337000.0,20.504182268,1.991808205432377E-6,1337000.0,70.25003739715781,40.42166973154658,36.62868969077257,38.62447170140308,393.0,4560.0,1.0,0.0,1.0,1.0,1.0,0.0,0.0,0.0,1.0
1338000.0,20.518090756,1.993130275662904E-6,1338000.0,70.24865470852018,40.419775477724166,36.62468954976755,38.63158105697737,1393.0,4560.0,0.0,0.0,1.0,1.0,1.0,0.0,0.0,0.0,1.0
1339000.0,20.533306768,1.994572885037874E-6,1339000.0,70.24958924570575,40.422871071547725,36.62482042601392,38.64742111804686,57.0,4520.0,2.0,0.0,1.0,1.0,1.0,0.0,0.0,0.0,1.0
1340000.0,20.547057535,1.995882012135134E-6,1340000.0,70.24798507462687,40.420885107703796,36.62216555811321,38.6578102329045,1057.0,4560.0,0.0,0.0,1.0,1.0,1.0,0.0,0.0,0.0,1.0
1341000.0,20.561409438,1.9972655973564606E-6,1341000.0,70.24780014914244,40.42164542612283,36.622331511318905,38.67043990740087,2057.0,9032.0,0.0,0.0,3.0,2.0,2.0,1.0,0.0,0.0,1.0
1342000.0,20.576206562,1.9986695643780733E-6,1342000.0,70.24731743666169,40.42190009663186,36.618542299969036,38.68346693694522,241.0,4560.0,2.0,0.0,1.0,1.0,1.0,0.0,0.0,0.0,1.0
1343000.0,20.59107275,2.000081745692179E-6,1343000.0,70.24549516008935,40.41937835377605,36.61632704206989,38.69239030377417,249.0,4560.0,1.0,0.0,1.0,1.0,1.0,0.0,0.0,0.0,1.0
1344000.0,20.605589584,2.00148105070705E-6,1344000.0,70.24181547619047,40.41301505667195,36.608344335802215,38.69643122642392,1249.0,8456.0,0.0,0.0,3.0,2.0,2.0,1.0,0.0,0.0,1.0
1345000.0,20.619482745,2.002828088373689E-6,1345000.0,70.24052044609665,40.41170986060259,36.60383514605517,38.70667899888521,2249.0,9104.0,0.0,0.0,3.0,2.0,2.0,1.0,0.0,0.0,1.0
1346000.0,20.633837742,2.004194710834074E-6,1346000.0,70.24212481426449,40.41616178086584,36.60530435044102,38.723154921992844,17.0,4552.0,1.0,0.0,1.0,1.0,1.0,0.0,0.0,0.0,1.0
1347000.0,20.648375532,2.0056007294862824E-6,1347000.0,70.24179658500371,40.4165932905706,36.60707084285522,38.73497005091116,1017.0,8888.0,0.0,0.0,3.0,2.0,2.0,1.0,0.0,0.0,1.0
1348000.0,20.662182302,2.0069301327895976E-6,1348000.0,70.24339762611275,40.42062131152229,36.61073947473636,38.74923650134376,2017.0,9104.0,0.0,0.0,3.0,2.0,2.0,1.0,0.0,0.0,1.0
1349000.0,20.677008525,2.0083366766489754E-6,1349000.0,70.24595997034841,40.42652790164068,36.618257097604996,38.76620731634758,201.0,4560.0,2.0,0.0,1.0,1.0,1.0,0.0,0.0,0.0,1.0
1350000.0,20.691222806,2.009683989674567E-6,1350000.0,70.24511111111111,40.42592313556721,36.615804588632564,38.77837488531167,1201.0,3992.0,0.0,0.0,3.0,2.0,2.0,1.0,0.0,0.0,1.0
1351000.0,20.705780269,2.011071182788358E-6,1351000.0,70.24633604737231,40.429262470335175,36.61966945328292,38.793197958413025,185.0,4560.0,1.0,0.0,1.0,1.0,1.0,0.0,0.0,0.0,1.0
1352000.0,20.719722905,2.0124051556821044E-6,1352000.0,70.24600591715976,40.42948699533821,36.61952081071754,38.80517093978088,1185.0,4560.0,0.0,0.0,1.0,1.0,1.0,0.0,0.0,0.0,1.0
1353000.0,20.734129504,2.0137935665935527E-6,1353000.0,70.24833702882484,40.43498581983388,36.62274521411512,38.82231357857703,2185.0,9104.0,0.0,0.0,3.0,2.0,2.0,1.0,0.0,0.0,1.0
1354000.0,20.748608062,2.0151752184661602E-6,1354000.0,70.24926144756277,40.43761398455004,36.62556813980525,38.83681770767694,817.0,4560.0,1.0,0.0,1.0,1.0,1.0,0.0,0.0,0.0,1.0
1355000.0,20.762977051,2.016539991009838E-6,1355000.0,70.2479704797048,40.43577284927845,36.62406914538233,38.84535219215612,921.0,4560.0,1.0,0.0,1.0,1.0,1.0,0.0,0.0,0.0,1.0
1356000.0,20.777357388,2.0179283114202055E-6,1356000.0,70.24837758112095,40.437310529301485,36.62708136977695,38.856059423437465,1921.0,9088.0,0.0,0.0,3.0,2.0,2.0,1.0,0.0,0.0,1.0
1357000.0,20.792308761,2.0193502556449344E-6,1357000.0,70.24443625644805,40.43021991453738,36.61684857256328,38.858831848651825,777.0,4560.0,2.0,0.0,1.0,1.0,1.0,0.0,0.0,0.0,1.0
1358000.0,20.807188305,2.0207664772143633E-6,1358000.0,70.24212076583211,40.42672828329598,36.61296470289288,38.86705454149383,337.0,4560.0,1.0,0.0,1.0,1.0,1.0,0.0,0.0,0.0,1.0
1359000.0,20.822443972,2.0222152773634865E-6,1359000.0,70.24091243561442,40.42534921889312,36.608854440151426,38.87734390467655,121.0,4560.0,1.0,0.0,1.0,1.0,1.0,0.0,0.0,0.0,1.0
1360000.0,20.837330012,2.0236452723320597E-6,1360000.0,70.23625,40.41691272206793,36.60155901271926,38.87784084474502,865.0,8480.0,1.0,0.0,3.0,2.0,2.0,1.0,0.0,0.0,1.0
1361000.0,20.852219709,2.025063754518554E-6,1361000.0,70.23570903747245,40.41649411585179,36.600756861996324,38.88853688634643,489.0,4560.0,1.0,0.0,1.0,1.0,1.0,0.0,0.0,0.0,1.0
1362000.0,20.866704654,2.026466281098817E-6,1362000.0,70.23538913362702,40.41633709403153,36.602011438079714,38.89791550484575,1489.0,9080.0,0.0,0.0,3.0,2.0,2.0,1.0,0.0,0.0,1.0
1363000.0,20.882133707,2.0279309725921813E-6,1363000.0,70.23477622890682,40.41567868293894,36.602539961339595,38.90695093431556,377.0,4560.0,2.0,0.0,1.0,1.0,1.0,0.0,0.0,0.0,1.0
1364000.0,20.896481476,2.0292974711237706E-6,1364000.0,70.23262463343109,40.41211628814445,36.60058055016419,38.91327013433674,897.0,4560.0,1.0,0.0,1.0,1.0,1.0,0.0,0.0,0.0,1.0
1365000.0,20.910781056,2.0306740885406754E-6,1365000.0,70.232673992674,40.41284275677812,36.60013949329916,38.92546430740185,1897.0,9088.0,0.0,0.0,3.0,2.0,2.0,1.0,0.0,0.0,1.0
1366000.0,20.925039371,2.03203011976728E-6,1366000.0,70.22906295754026,40.407033706601055,36.591903080197405,38.93168630842974,785.0,4560.0,2.0,0.0,1.0,1.0,1.0,0.0,0.0,0.0,1.0
1367000.0,20.938901707,2.033362377324593E-6,1367000.0,70.225237746891,40.40092080492037,36.582025437553646,38.93882045488981,1785.0,9032.0,0.0,0.0,3.0,2.0,2.0,1.0,0.0,0.0,1.0
1368000.0,20.958440972,2.0356574281894457E-6,1368000.0,70.22163742690059,40.39436790369445,36.57341884294227,38.94364508393285,2785.0,89984.0,0.0,0.0,23.0,21.0,21.0,2.0,0.0,0.0,1.0
1369000.0,20.974365174,2.0375344838479077E-6,1369000.0,70.218188458729,40.387981226991506,36.566320077045276,38.945743259836966,3785.0,90056.0,0.0,0.0,23.0,21.0,21.0,2.0,0.0,0.0,1.0
1370000.0,20.989992345,2.0393670509271115E-6,1370000.0,70.21569343065693,40.38369289271716,36.55997064667489,38.95480610564142,4785.0,90064.0,0.0,0.0,23.0,21.0,21.0,2.0,0.0,0.0,1.0
1371000.0,21.005621303,2.0412058762252576E-6,1371000.0,70.21422319474836,40.38147691356478,36.55757952382802,38.96567031002689,5785.0,90072.0,0.0,0.0,23.0,21.0,21.0,2.0,0.0,0.0,1.0
1372000.0,21.021957889,2.0427577348110285E-6,1372000.0,70.21275510204082,40.37911882467326,36.55627535266694,38.97268650631879,641.0,4560.0,1.0,0.0,1.0,1.0,1.0,0.0,0.0,0.0,1.0
1373000.0,21.036305105,2.0441427388494418E-6,1373000.0,70.21260014566643,40.3796521975429,36.55441913570384,38.98537968073997,1641.0,8960.0,0.0,0.0,3.0,2.0,2.0,1.0,0.0,0.0,1.0
1374000.0,21.050146468,2.0454846970508245E-6,1374000.0,70.2155021834061,40.38601933180459,36.560846642866316,39.00530895368004,2641.0,9088.0,0.0,0.0,3.0,2.0,2.0,1.0,0.0,0.0,1.0
1375000.0,21.065206724,2.046915656290758E-6,1375000.0,70.21229090909091,40.380517723116185,36.55562870309414,39.01133018349567,121.0,4552.0,3.0,0.0,1.0,1.0,1.0,0.0,0.0,0.0,1.0
1376000.0,21.079640368,2.0483096309402916E-6,1376000.0,70.20835755813954,40.37333769823353,36.5476922029134,39.01349361024741,1121.0,9080.0,0.0,0.0,3.0,2.0,2.0,1.0,0.0,0.0,1.0
1377000.0,21.094090575,2.0496828353528906E-6,1377000.0,70.20806100217865,40.37341025556897,36.54946384076542,39.02208811463225,553.0,4560.0,1.0,0.0,1.0,1.0,1.0,0.0,0.0,0.0,1.0
1378000.0,21.108408955,2.0510659447190393E-6,1378000.0,70.20936139332366,40.37663495091064,36.55482899794293,39.035564505589804,1553.0,9104.0,0.0,0.0,3.0,2.0,2.0,1.0,0.0,0.0,1.0
1379000.0,21.123248391,2.052476321867636E-6,1379000.0,70.20877447425671,40.37624883376782,36.55264332454568,39.04669633067407,633.0,4560.0,2.0,0.0,1.0,1.0,1.0,0.0,0.0,0.0,1.0
1380000.0,21.13762148,2.0538630798823842E-6,1380000.0,70.2081884057971,40.37596001351228,36.55124412200003,39.058801207774934,1633.0,9096.0,0.0,0.0,3.0,2.0,2.0,1.0,0.0,0.0,1.0
1381000.0,21.151470466,2.055204802648595E-6,1381000.0,70.20941346850108,40.379209092272674,36.55428944190757,39.073863728920976,2633.0,9104.0,0.0,0.0,3.0,2.0,2.0,1.0,0.0,0.0,1.0
1382000.0,21.166314157,2.056612204938384E-6,1382000.0,70.21179450072358,40.384602469945236,36.55979596711435,39.090093982292515,81.0,4544.0,2.0,0.0,1.0,1.0,1.0,0.0,0.0,0.0,1.0
1383000.0,21.180702944,2.057999048144904E-6,1383000.0,70.21099060014461,40.38363560739091,36.56008192114321,39.09943043653721,1081.0,9096.0,0.0,0.0,3.0,2.0,2.0,1.0,0.0,0.0,1.0
1384000.0,21.195609719,2.0594130487574326E-6,1384000.0,70.21091040462429,40.384035542090764,36.56366313645058,39.109597437256966,161.0,4560.0,2.0,0.0,1.0,1.0,1.0,0.0,0.0,0.0,1.0
1385000.0,21.209440574,2.060730487533261E-6,1385000.0,70.20794223826715,40.37862568486326,36.55757743490395,39.11537122182415,1161.0,4560.0,0.0,0.0,1.0,1.0,1.0,0.0,0.0,0.0,1.0
1386000.0,21.224244154,2.0621378244887373E-6,1386000.0,70.2064935064935,40.376342423709325,36.555896808728015,39.120909578765485,497.0,4560.0,1.0,0.0,1.0,1.0,1.0,0.0,0.0,0.0,1.0
1387000.0,21.238652766,2.063525534795183E-6,1387000.0,70.20497476568133,40.37388215846766,36.55299366538623,39.128712054593954,1497.0,9104.0,0.0,0.0,3.0,2.0,2.0,1.0,0.0,0.0,1.0
1388000.0,21.253928069,2.0649748719540214E-6,1388000.0,70.20511527377522,40.374749906386796,36.551189800395846,39.140422651283274,65.0,4560.0,3.0,0.0,1.0,1.0,1.0,0.0,0.0,0.0,1.0
1389000.0,21.268353669,2.066362009102137E-6,1389000.0,70.20417566594672,40.37357153184916,36.55020160363039,39.15115908085116,1065.0,9088.0,0.0,0.0,3.0,2.0,2.0,1.0,0.0,0.0,1.0
1390000.0,21.282539075,2.0677100494529573E-6,1390000.0,70.2073381294964,40.38042888479854,36.55493405278534,39.16855058221436,177.0,4560.0,1.0,0.0,1.0,1.0,1.0,0.0,0.0,0.0,1.0
1391000.0,21.296625947,2.0690504753655462E-6,1391000.0,70.20352264557872,40.373601828608855,36.547237952641865,39.172210554741035,793.0,4560.0,1.0,0.0,1.0,1.0,1.0,0.0,0.0,0.0,1.0
1392000.0,21.311955844,2.0705049924617547E-6,1392000.0,70.20316091954022,40.373337394936065,36.54582838679673,39.181831911751985,33.0,4560.0,2.0,0.0,1.0,1.0,1.0,0.0,0.0,0.0,1.0
1393000.0,21.326308891,2.071869795495356E-6,1393000.0,70.20373295046663,40.3751366124431,36.54699025415632,39.19610210013128,9.0,4544.0,1.0,0.0,1.0,1.0,1.0,0.0,0.0,0.0,1.0
1394000.0,21.341111792,2.0732757811810277E-6,1394000.0,70.20208034433286,40.372440208894474,36.54302693288928,39.20322818603343,145.0,4560.0,2.0,0.0,1.0,1.0,1.0,0.0,0.0,0.0,1.0
1395000.0,21.355034325,2.0746035085810155E-6,1395000.0,70.20014336917562,40.369018334946546,36.54175234204818,39.20940108447054,1145.0,4560.0,0.0,0.0,1.0,1.0,1.0,0.0,0.0,0.0,1.0
1396000.0,21.370336749,2.0760552289895646E-6,1396000.0,70.20200573065902,40.37342538457844,36.54314358414234,39.22517133919975,33.0,4560.0,2.0,0.0,1.0,1.0,1.0,0.0,0.0,0.0,1.0
1397000.0,21.384219857,2.077377300261211E-6,1397000.0,70.19971367215462,40.36932267658882,36.539851040672666,39.229342048986126,1033.0,4560.0,0.0,0.0,1.0,1.0,1.0,0.0,0.0,0.0,1.0
1398000.0,21.399014427,2.0788264940627347E-6,1398000.0,70.19713876967096,40.364852371807494,36.53092686136992,39.23797356853893,2033.0,13560.0,0.0,0.0,5.0,3.0,3.0,2.0,0.0,0.0,1.0
1399000.0,21.414517944,2.080300147562964E-6,1399000.0,70.19585418155826,40.362829188819745,36.53006891029789,39.245670656632264,57.0,4552.0,3.0,0.0,1.0,1.0,1.0,0.0,0.0,0.0,1.0
1400000.0,21.428877505,2.0816875320673006E-6,1400000.0,70.19435714285714,40.36029841508426,36.52672841412272,39.25265209802172,1057.0,9088.0,0.0,0.0,3.0,2.0,2.0,1.0,0.0,0.0,1.0
1401000.0,21.443763566,2.0831006769256663E-6,1401000.0,70.19407566024269,40.36025392718176,36.5253013513308,39.26306572570557,425.0,4560.0,2.0,0.0,1.0,1.0,1.0,0.0,0.0,0.0,1.0
1402000.0,21.459037897,2.0845690154131685E-6,1402000.0,70.19222539229672,40.35728050119065,36.520148801431496,39.27176396049732,817.0,8408.0,2.0,0.0,3.0,2.0,2.0,1.0,0.0,0.0,1.0
1403000.0,21.473320467,2.085927530757377E-6,1403000.0,70.1936564504633,40.36068122317503,36.52612901414181,39.28527353952788,345.0,4560.0,1.0,0.0,1.0,1.0,1.0,0.0,0.0,0.0,1.0
1404000.0,21.487531156,2.087279738385255E-6,1404000.0,70.19074074074074,40.35549453115352,36.521981805441385,39.28964641885766,449.0,4560.0,1.0,0.0,1.0,1.0,1.0,0.0,0.0,0.0,1.0
1405000.0,21.501790502,2.088637815405482E-6,1405000.0,70.19039145907473,40.355397334318994,36.523874116229536,39.29958100659866,617.0,4560.0,1.0,0.0,1.0,1.0,1.0,0.0,0.0,0.0,1.0
1406000.0,21.516293098,2.0900291147537736E-6,1406000.0,70.18819345661451,40.35152519130477,36.519038048836634,39.306348337547035,1617.0,8368.0,0.0,0.0,3.0,2.0,2.0,1.0,0.0,0.0,1.0
1407000.0,21.530099787,2.0913615962933707E-6,1407000.0,70.18912579957356,40.35393877909578,36.518946439625196,39.31982020430277,2617.0,9104.0,0.0,0.0,3.0,2.0,2.0,1.0,0.0,0.0,1.0
1408000.0,21.544944406,2.0927663215455805E-6,1408000.0,70.19098011363636,40.35823011583975,36.526581160518354,39.33523450790846,1.0,3920.0,2.0,0.0,1.0,1.0,1.0,0.0,0.0,0.0,1.0
1409000.0,21.558781527,2.0940824671130916E-6,1409000.0,70.1888573456352,40.3545148990753,36.520561650191254,39.341833352828786,1001.0,4560.0,0.0,0.0,1.0,1.0,1.0,0.0,0.0,0.0,1.0
1410000.0,21.573161195,2.095472746632749E-6,1410000.0,70.18836879432624,40.354137918937035,36.52032481035865,39.35322650922952,2001.0,9104.0,0.0,0.0,3.0,2.0,2.0,1.0,0.0,0.0,1.0
1411000.0,21.588199108,2.0969188248322944E-6,1411000.0,70.1880226789511,40.3539640114904,36.519815345517884,39.36383830433761,857.0,8960.0,1.0,0.0,3.0,2.0,2.0,1.0,0.0,0.0,1.0
1412000.0,21.601990927,2.098250898840953E-6,1412000.0,70.18987252124646,40.35814399343245,36.523790062930445,39.377673440583,1857.0,9104.0,0.0,0.0,3.0,2.0,2.0,1.0,0.0,0.0,1.0
1413000.0,21.616444432,2.0996274677945525E-6,1413000.0,70.19469214437368,40.36821769105262,36.533227643036035,39.3984873688391,9.0,4416.0,1.0,0.0,1.0,1.0,1.0,0.0,0.0,0.0,1.0
1414000.0,21.63081755,2.10099495275397E-6,1414000.0,70.1937765205092,40.3670123499828,36.52815992506149,39.41031948096385,305.0,4560.0,1.0,0.0,1.0,1.0,1.0,0.0,0.0,0.0,1.0
1415000.0,21.645311644,2.102396055426305E-6,1415000.0,70.19342756183745,40.36692835786477,36.524971593260624,39.42119036744026,1305.0,8944.0,0.0,0.0,3.0,2.0,2.0,1.0,0.0,0.0,1.0
1416000.0,21.65917046,2.1037296095797475E-6,1416000.0,70.19385593220339,40.368337869714516,36.527069481770454,39.43301188221112,2305.0,9056.0,0.0,0.0,3.0,2.0,2.0,1.0,0.0,0.0,1.0
1417000.0,21.674050183,2.1051434461637664E-6,1417000.0,70.1925194071983,40.36607147017672,36.525025735819,39.439751892991666,425.0,4560.0,2.0,0.0,1.0,1.0,1.0,0.0,0.0,0.0,1.0
1418000.0,21.688369621,2.1065192784671936E-6,1418000.0,70.19217207334275,40.36565134102277,36.52632653858053,39.44727145615936,1425.0,9080.0,0.0,0.0,3.0,2.0,2.0,1.0,0.0,0.0,1.0
1419000.0,21.703252421,2.107953644024493E-6,1419000.0,70.19210711768852,40.36605839642862,36.52708269243756,39.45743080475039,953.0,8928.0,1.0,0.0,3.0,2.0,2.0,1.0,0.0,0.0,1.0
1420000.0,21.717802957,2.1093302695944527E-6,1420000.0,70.19556338028168,40.37338628258909,36.53286105470894,39.47619435780611,1.0,3752.0,2.0,0.0,1.0,1.0,1.0,0.0,0.0,0.0,1.0
1421000.0,21.731013049,2.1105867740387092E-6,1421000.0,70.1912033779029,40.365471718695595,36.52370940598734,39.479756480540885,1001.0,4560.0,0.0,0.0,1.0,1.0,1.0,0.0,0.0,0.0,1.0
1422000.0,21.745973398,2.1120108723272566E-6,1422000.0,70.19156118143461,40.36657123607492,36.52099164048391,39.491235082510144,241.0,4560.0,1.0,0.0,1.0,1.0,1.0,0.0,0.0,0.0,1.0
1423000.0,21.760534261,2.1134085148724043E-6,1423000.0,70.18945888966971,40.362787963146395,36.51455945979517,39.49856449503456,1241.0,8472.0,0.0,0.0,3.0,2.0,2.0,1.0,0.0,0.0,1.0
1424000.0,21.775280172,2.114807439640228E-6,1424000.0,70.19037921348314,40.36502322596814,36.51485172206993,39.51028423065632,257.0,4560.0,2.0,0.0,1.0,1.0,1.0,0.0,0.0,0.0,1.0
1425000.0,21.789792734,2.1162048311048928E-6,1425000.0,70.1880701754386,40.36078169619162,36.51064084170253,39.5144009602064,1257.0,8488.0,0.0,0.0,3.0,2.0,2.0,1.0,0.0,0.0,1.0
1426000.0,21.803586058,2.1175342814390127E-6,1426000.0,70.18870967741935,40.362487178557615,36.51403576106127,39.52620617841029,2257.0,9096.0,0.0,0.0,3.0,2.0,2.0,1.0,0.0,0.0,1.0
1427000.0,21.818069932,2.1189171600257495E-6,1427000.0,70.1885073580939,40.36253219577831,36.51108716610899,39.537574226045116,921.0,4560.0,1.0,0.0,1.0,1.0,1.0,0.0,0.0,0.0,1.0
1428000.0,21.832578421,2.120313378609588E-6,1428000.0,70.19138655462184,40.36872858726231,36.516503707592356,39.5555132712701,1921.0,9096.0,0.0,0.0,3.0,2.0,2.0,1.0,0.0,0.0,1.0
1429000.0,21.847494251,2.121736387795557E-6,1429000.0,70.19461161651505,40.37544226226789,36.52369860012608,39.571043065948196,329.0,4560.0,1.0,0.0,1.0,1.0,1.0,0.0,0.0,0.0,1.0
1430000.0,21.861754245,2.1230945265320725E-6,1430000.0,70.19286713286714,40.37248353197905,36.51860765752616,39.57939381224679,689.0,4560.0,1.0,0.0,1.0,1.0,1.0,0.0,0.0,0.0,1.0
1431000.0,21.876201667,2.1244873799970575E-6,1431000.0,70.19098532494759,40.369116859037824,36.515304626585554,39.58530730173567,1689.0,9096.0,0.0,0.0,3.0,2.0,2.0,1.0,0.0,0.0,1.0
1432000.0,21.890062814,2.1258290474042355E-6,1432000.0,70.19280726256983,40.373164466165655,36.518094705515786,39.59930887998653,2689.0,9096.0,0.0,0.0,3.0,2.0,2.0,1.0,0.0,0.0,1.0
1433000.0,21.904508859,2.12720239445873E-6,1433000.0,70.19127704117236,40.37062678506823,36.513841370433894,39.6100003675774,905.0,4560.0,1.0,0.0,1.0,1.0,1.0,0.0,0.0,0.0,1.0
1434000.0,21.918838945,2.1285698780269505E-6,1434000.0,70.18884239888425,40.36601171887191,36.511623417030656,39.61269470856047,913.0,4560.0,1.0,0.0,1.0,1.0,1.0,0.0,0.0,0.0,1.0
1435000.0,21.93366468,2.1299772960932034E-6,1435000.0,70.19003484320557,40.368699015234995,36.514770374657736,39.62579177345963,185.0,4560.0,1.0,0.0,1.0,1.0,1.0,0.0,0.0,0.0,1.0
1436000.0,21.948659354,2.131422474808728E-6,1436000.0,70.19066852367688,40.37023095579229,36.51644401205421,39.63680155229403,897.0,9032.0,1.0,0.0,3.0,2.0,2.0,1.0,0.0,0.0,1.0
1437000.0,21.963449016,2.1328245400857695E-6,1437000.0,70.19352818371607,40.37626097291106,36.523610302192296,39.65391654491377,41.0,4536.0,2.0,0.0,1.0,1.0,1.0,0.0,0.0,0.0,1.0
1438000.0,21.977361703,2.134147700502549E-6,1438000.0,70.19262865090403,40.37477608509605,36.52098318945664,39.661786173296214,1041.0,4560.0,0.0,0.0,1.0,1.0,1.0,0.0,0.0,0.0,1.0
1439000.0,21.992272087,2.135569819822485E-6,1439000.0,70.19256428075053,40.37484113724294,36.522953932306585,39.669123904124135,473.0,4560.0,1.0,0.0,1.0,1.0,1.0,0.0,0.0,0.0,1.0
1440000.0,22.006741409,2.1369603526552225E-6,1440000.0,70.19625,40.38251593446541,36.53056093701475,39.68988718571357,1473.0,9064.0,0.0,0.0,3.0,2.0,2.0,1.0,0.0,0.0,1.0
1441000.0,22.022284067,2.1384383377954196E-6,1441000.0,70.19569743233866,40.3817741634756,36.527923102842855,39.699423783261636,329.0,4560.0,2.0,0.0,1.0,1.0,1.0,0.0,0.0,0.0,1.0
1442000.0,22.036202244,2.139767205261383E-6,1442000.0,70.19313453536753,40.37697724378037,36.52016204664379,39.70419895517111,1329.0,4560.0,0.0,0.0,1.0,1.0,1.0,0.0,0.0,0.0,1.0
1443000.0,22.050632935,2.1411568628271484E-6,1443000.0,70.1940401940402,40.37912638368575,36.521945755117294,39.716396551458324,2329.0,9104.0,0.0,0.0,3.0,2.0,2.0,1.0,0.0,0.0,1.0
1444000.0,22.065116603,2.1425395418927054E-6,1444000.0,70.19515235457064,40.38165923050989,36.52313964018442,39.728908787147596,769.0,4560.0,1.0,0.0,1.0,1.0,1.0,0.0,0.0,0.0,1.0
1445000.0,22.0795708,2.1439299972470353E-6,1445000.0,70.19494809688581,40.38162732727684,36.52115725599034,39.74059590186298,1769.0,8952.0,0.0,0.0,3.0,2.0,2.0,1.0,0.0,0.0,1.0
1446000.0,22.093448851,2.145270773305427E-6,1446000.0,70.19723374827109,40.38647898981194,36.52775220743643,39.75502078772477,2769.0,9064.0,0.0,0.0,3.0,2.0,2.0,1.0,0.0,0.0,1.0
1447000.0,22.107307018,2.146615020362474E-6,1447000.0,70.20062197650311,40.39356148052797,36.535198041879404,39.77325422232651,3769.0,9080.0,0.0,0.0,3.0,2.0,2.0,1.0,0.0,0.0,1.0
1448000.0,22.122245838,2.148035399729655E-6,1448000.0,70.19910220994475,40.3908001158737,36.531444010878225,39.77919442668982,705.0,4560.0,2.0,0.0,1.0,1.0,1.0,0.0,0.0,0.0,1.0
1449000.0,22.137267032,2.1494613728643624E-6,1449000.0,70.19772256728778,40.38840998567419,36.52770918583321,39.78725065603987,265.0,4560.0,2.0,0.0,1.0,1.0,1.0,0.0,0.0,0.0,1.0
1450000.0,22.151747317,2.150855416680295E-6,1450000.0,70.19406896551725,40.381394723272436,36.5223956007802,39.79069553611979,1265.0,9000.0,0.0,0.0,3.0,2.0,2.0,1.0,0.0,0.0,1.0
1451000.0,22.166152611,2.152225068525339E-6,1451000.0,70.19496898690558,40.38344275553285,36.52314308569583,39.80323734147702,697.0,4560.0,1.0,0.0,1.0,1.0,1.0,0.0,0.0,0.0,1.0
1452000.0,22.180633698,2.153624404355743E-6,1452000.0,70.19497245179063,40.38374088192047,36.522355177582924,39.81428428383882,1697.0,9048.0,0.0,0.0,3.0,2.0,2.0,1.0,0.0,0.0,1.0
1453000.0,22.19451967,2.1549641926242496E-6,1453000.0,70.19635237439779,40.38675557318216,36.526918899587095,39.827672931505475,2697.0,9104.0,0.0,0.0,3.0,2.0,2.0,1.0,0.0,0.0,1.0
1454000.0,22.208417387,2.1563104639891E-6,1454000.0,70.1996561210454,40.39358834978997,36.535484277300704,39.843505955298134,3697.0,9104.0,0.0,0.0,3.0,2.0,2.0,1.0,0.0,0.0,1.0
1455000.0,22.223300184,2.1577238534209073E-6,1455000.0,70.20041237113402,40.39532579348574,36.53890063053622,39.855097593421554,281.0,4560.0,2.0,0.0,1.0,1.0,1.0,0.0,0.0,0.0,1.0
1456000.0,22.237780099,2.1591216375483368E-6,1456000.0,70.19903846153846,40.39280716603964,36.53601443912371,39.86228957442269,1281.0,9096.0,0.0,0.0,3.0,2.0,2.0,1.0,0.0,0.0,1.0
1457000.0,22.251666542,2.1604562981581482E-6,1457000.0,70.20068634179822,40.39634672070421,36.540769182423944,39.87772708075135,2281.0,9104.0,0.0,0.0,3.0,2.0,2.0,1.0,0.0,0.0,1.0
1458000.0,22.266046801,2.161826426782254E-6,1458000.0,70.20171467764061,40.398573860397136,36.544851468807636,39.88948028894512,497.0,4560.0,1.0,0.0,1.0,1.0,1.0,0.0,0.0,0.0,1.0
1459000.0,22.280423781,2.163197135628762E-6,1459000.0,70.2004797806717,40.396280814386905,36.541332971358784,39.89756562849916,537.0,4560.0,1.0,0.0,1.0,1.0,1.0,0.0,0.0,0.0,1.0
1460000.0,22.294327111,2.1645360089872054E-6,1460000.0,70.20102739726028,40.397419989856004,36.5429999154033,39.90839816962084,1537.0,9104.0,0.0,0.0,3.0,2.0,2.0,1.0,0.0,0.0,1.0
1461000.0,22.309227647,2.165952933350398E-6,1461000.0,70.19869952087612,40.39297716961396,36.53928280441752,39.91291867349334,777.0,4560.0,2.0,0.0,1.0,1.0,1.0,0.0,0.0,0.0,1.0
1462000.0,22.324035386,2.1673595624284075E-6,1462000.0,70.19815321477428,40.39206576332405,36.538895694083756,39.92118242903178,369.0,4560.0,1.0,0.0,1.0,1.0,1.0,0.0,0.0,0.0,1.0
1463000.0,22.338574807,2.1687630908259025E-6,1463000.0,70.19835953520163,40.39265332094542,36.537708564100846,39.93169265275813,1369.0,9000.0,0.0,0.0,3.0,2.0,2.0,1.0,0.0,0.0,1.0
1464000.0,22.352507638,2.1701138017595206E-6,1464000.0,70.2004781420765,40.397080794945715,36.54225740339118,39.94529531444871,2369.0,9104.0,0.0,0.0,3.0,2.0,2.0,1.0,0.0,0.0,1.0
1465000.0,22.366344718,2.1714480135634934E-6,1465000.0,70.2043686006826,40.40504996042077,36.55030263563368,39.963855023986625,3369.0,9104.0,0.0,0.0,3.0,2.0,2.0,1.0,0.0,0.0,1.0
1466000.0,22.381366389,2.172875679693787E-6,1466000.0,70.20429740791269,40.405102529034096,36.55074139493805,39.97482489422195,17.0,4504.0,2.0,0.0,1.0,1.0,1.0,0.0,0.0,0.0,1.0
1467000.0,22.395934306,2.1742740897754307E-6,1467000.0,70.20572597137014,40.408159361774146,36.553359936245926,39.98854916240007,1017.0,8400.0,0.0,0.0,3.0,2.0,2.0,1.0,0.0,0.0,1.0
1468000.0,22.411744316,2.1757699722865075E-6,1468000.0,70.20790190735696,40.412711481236244,36.55821483124423,40.00260650666375,1.0,3872.0,2.0,0.0,1.0,1.0,1.0,0.0,0.0,0.0,1.0
1469000.0,22.425546065,2.177083781685597E-6,1469000.0,70.20483321987747,40.40679954011341,36.549877576581686,40.00764825693758,1001.0,4560.0,0.0,0.0,1.0,1.0,1.0,0.0,0.0,0.0,1.0
1470000.0,22.439913925,2.1784699757193936E-6,1470000.0,70.20380952380953,40.404953664701246,36.54709234776512,40.01646108569214,2001.0,8984.0,0.0,0.0,3.0,2.0,2.0,1.0,0.0,0.0,1.0
1471000.0,22.454215584,2.1798329706437694E-6,1471000.0,70.20360299116247,40.40472963341501,36.54742602351033,40.02534150136079,377.0,4560.0,1.0,0.0,1.0,1.0,1.0,0.0,0.0,0.0,1.0
1472000.0,22.468693741,2.18122677962913E-6,1472000.0,70.20502717391305,40.40773472041823,36.550037976057006,40.03847210772191,1377.0,9088.0,0.0,0.0,3.0,2.0,2.0,1.0,0.0,0.0,1.0
1473000.0,22.483475274,2.1826300015665998E-6,1473000.0,70.20597420230821,40.40977297706246,36.551359213054475,40.05095175974811,393.0,4560.0,2.0,0.0,1.0,1.0,1.0,0.0,0.0,0.0,1.0
1474000.0,22.497368263,2.1839492183964466E-6,1474000.0,70.20481682496607,40.40759615910649,36.54902493361342,40.057133809948866,1393.0,4560.0,0.0,0.0,1.0,1.0,1.0,0.0,0.0,0.0,1.0
1475000.0,22.512070757,2.1853476147989573E-6,1475000.0,70.20677966101695,40.41166170363176,36.55104504161108,40.07243945877687,57.0,4544.0,1.0,0.0,1.0,1.0,1.0,0.0,0.0,0.0,1.0
1476000.0,22.525980094,2.1866759836892946E-6,1476000.0,70.20765582655827,40.413588521365334,36.55057081183411,40.08635489162721,1057.0,4560.0,0.0,0.0,1.0,1.0,1.0,0.0,0.0,0.0,1.0
1477000.0,22.540402813,2.188065231753492E-6,1477000.0,70.20900473933649,40.4164187620312,36.552295945955684,40.09907864214068,2057.0,9104.0,0.0,0.0,3.0,2.0,2.0,1.0,0.0,0.0,1.0
1478000.0,22.554643571,2.1894590572466988E-6,1478000.0,70.21299052774019,40.424497373350626,36.56046146020512,40.1169227923274,3057.0,13592.0,0.0,0.0,5.0,3.0,3.0,2.0,0.0,0.0,1.0
1479000.0,22.569434241,2.190862871068687E-6,1479000.0,70.21514536849223,40.428891626929996,36.56472797388388,40.12984700776989,25.0,4536.0,2.0,0.0,1.0,1.0,1.0,0.0,0.0,0.0,1.0
1480000.0,22.58330871,2.1921851533875013E-6,1480000.0,70.21560810810811,40.429940713550835,36.56630398337634,40.141793699807984,1025.0,4560.0,0.0,0.0,1.0,1.0,1.0,0.0,0.0,0.0,1.0
1481000.0,22.597651251,2.1935746929382674E-6,1481000.0,70.21492234976367,40.42866017556786,36.56497704865225,40.14710950580867,2025.0,9104.0,0.0,0.0,3.0,2.0,2.0,1.0,0.0,0.0,1.0
1482000.0,22.612016674,2.19494215931947E-6,1482000.0,70.217004048583,40.432897693242694,36.56927047705547,40.159760521906065,145.0,4560.0,1.0,0.0,1.0,1.0,1.0,0.0,0.0,0.0,1.0
1483000.0,22.626361039,2.196307443034667E-6,1483000.0,70.21409305461901,40.42715095054661,36.562839732938514,40.161961308640876,697.0,4560.0,1.0,0.0,1.0,1.0,1.0,0.0,0.0,0.0,1.0
1484000.0,22.640807501,2.1976974233888684E-6,1484000.0,70.21300539083558,40.425061095051454,36.56092986008758,40.1689469039485,1697.0,9072.0,0.0,0.0,3.0,2.0,2.0,1.0,0.0,0.0,1.0
1485000.0,22.655646433,2.1991064627850236E-6,1485000.0,70.21171717171717,40.42259088644835,36.55731850562133,40.177214231233194,425.0,4560.0,2.0,0.0,1.0,1.0,1.0,0.0,0.0,0.0,1.0
1486000.0,22.670161188,2.200507429870002E-6,1486000.0,70.20874831763122,40.41675859178609,36.554675441374776,40.17998783865954,1425.0,9096.0,0.0,0.0,3.0,2.0,2.0,1.0,0.0,0.0,1.0
1487000.0,22.684435062,2.201866004315436E-6,1487000.0,70.20786819098856,40.41510402840333,36.55138731941502,40.188072960967766,281.0,4560.0,1.0,0.0,1.0,1.0,1.0,0.0,0.0,0.0,1.0
1488000.0,22.698274383,2.2031885457989585E-6,1488000.0,70.20564516129032,40.41074813031935,36.545513358161315,40.194091984599986,1281.0,4560.0,0.0,0.0,1.0,1.0,1.0,0.0,0.0,0.0,1.0
1489000.0,22.713135144,2.204601441823599E-6,1489000.0,70.20779046339825,40.41510018260847,36.55075942106927,40.20724997506424,9.0,4496.0,1.0,0.0,1.0,1.0,1.0,0.0,0.0,0.0,1.0
1490000.0,22.727058306,2.205930785243009E-6,1490000.0,70.2075167785235,40.414625625928075,36.54867610819836,40.216906768875646,1009.0,4560.0,0.0,0.0,1.0,1.0,1.0,0.0,0.0,0.0,1.0
1491000.0,22.741215085,2.207275226199036E-6,1491000.0,70.2037558685446,40.40718878391408,36.54116178317018,40.220434976257025,793.0,4560.0,1.0,0.0,1.0,1.0,1.0,0.0,0.0,0.0,1.0
1492000.0,22.755666286,2.208670208580536E-6,1492000.0,70.20067024128687,40.401079216556,36.53734982064836,40.22264947497211,1793.0,9088.0,0.0,0.0,3.0,2.0,2.0,1.0,0.0,0.0,1.0
1493000.0,22.770023471,2.21003653420949E-6,1493000.0,70.20154052243804,40.40287618029602,36.54123476794789,40.23399087572609,681.0,4560.0,1.0,0.0,1.0,1.0,1.0,0.0,0.0,0.0,1.0
1494000.0,22.784350834,2.2114173088893073E-6,1494000.0,70.20522088353414,40.4102827035336,36.550648699038426,40.25159258752185,1681.0,9104.0,0.0,0.0,3.0,2.0,2.0,1.0,0.0,0.0,1.0
1495000.0,22.799297973,2.2128381080087693E-6,1495000.0,70.20561872909698,40.411114212160044,36.5527084600472,40.26179204162922,313.0,4560.0,2.0,0.0,1.0,1.0,1.0,0.0,0.0,0.0,1.0
1496000.0,22.813790853,2.2142312947448763E-6,1496000.0,70.20414438502674,40.40819648319306,36.54978626730038,40.268222543236405,1313.0,8928.0,0.0,0.0,3.0,2.0,2.0,1.0,0.0,0.0,1.0
1497000.0,22.828033083,2.2155863267785357E-6,1497000.0,70.20581162324649,40.41155974509422,36.552921997558954,40.28253459047079,457.0,4560.0,1.0,0.0,1.0,1.0,1.0,0.0,0.0,0.0,1.0
1498000.0,22.842224224,2.2169391414164902E-6,1498000.0,70.20253671562082,40.40505685941534,36.5471575538658,40.285484949832764,625.0,4560.0,1.0,0.0,1.0,1.0,1.0,0.0,0.0,0.0,1.0
1499000.0,22.85702422,2.2183444836221784E-6,1499000.0,70.20173448965977,40.40347467671301,36.54458383824321,40.293775221454226,153.0,4560.0,1.0,0.0,1.0,1.0,1.0,0.0,0.0,0.0,1.0
1500000.0,22.871552571,2.2197465825880737E-6,1500000.0,70.20253333333332,40.40509534479425,36.54812318376629,40.30485842233829,1153.0,9048.0,0.0,0.0,3.0,2.0,2.0,1.0,0.0,0.0,1.0
1501000.0,22.885463829,2.221084376790615E-6,1501000.0,70.20506329113924,40.410176764451805,36.55102553298346,40.32074686138867,2153.0,9072.0,0.0,0.0,3.0,2.0,2.0,1.0,0.0,0.0,1.0
1502000.0,22.89949956,2.222439631254063E-6,1502000.0,70.20918774966711,40.41843488007603,36.56029535194973,40.33718322404125,3153.0,9096.0,0.0,0.0,3.0,2.0,2.0,1.0,0.0,0.0,1.0
1503000.0,22.916809909,2.224081804984442E-6,1503000.0,70.21151031270792,40.42309169861728,36.56554751268417,40.35238006421443,185.0,4552.0,2.0,0.0,1.0,1.0,1.0,0.0,0.0,0.0,1.0
1504000.0,22.937822728,2.2260830907807255E-6,1504000.0,70.21110372340425,40.422286765623326,36.56373007107864,40.36026777810466,1185.0,4560.0,0.0,0.0,1.0,1.0,1.0,0.0,0.0,0.0,1.0
1505000.0,22.952227687,2.227477783158509E-6,1505000.0,70.21222591362127,40.42453107484021,36.56741337740398,40.37223295883039,2185.0,9104.0,0.0,0.0,3.0,2.0,2.0,1.0,0.0,0.0,1.0
1506000.0,22.967853861,2.2289606053748814E-6,1506000.0,70.21042496679947,40.42092761591068,36.56639495507215,40.377776242065984,273.0,4560.0,4.0,0.0,1.0,1.0,1.0,0.0,0.0,0.0,1.0
1507000.0,22.982175629,2.2303420857436544E-6,1507000.0,70.20982083609822,40.419714115223826,36.56442567333658,40.385463198542496,1273.0,9104.0,0.0,0.0,3.0,2.0,2.0,1.0,0.0,0.0,1.0
1508000.0,22.996693941,2.231720680481717E-6,1508000.0,70.20775862068966,40.415579128408595,36.56069609028162,40.38879497705868,993.0,4560.0,1.0,0.0,1.0,1.0,1.0,0.0,0.0,0.0,1.0
1509000.0,23.010820418,2.2330843755493564E-6,1509000.0,70.20894632206759,40.41793612425462,36.5642440363218,40.397906786503604,1993.0,9104.0,0.0,0.0,3.0,2.0,2.0,1.0,0.0,0.0,1.0
1510000.0,23.025782293,2.2345052748604887E-6,1510000.0,70.20874172185431,40.41751676704354,36.56616762625131,40.40280121990319,401.0,4560.0,2.0,0.0,1.0,1.0,1.0,0.0,0.0,0.0,1.0
1511000.0,23.040983415,2.235947573646355E-6,1511000.0,70.2066181336863,40.413244773498775,36.561946017242704,40.40992351659525,249.0,4560.0,2.0,0.0,1.0,1.0,1.0,0.0,0.0,0.0,1.0
1512000.0,23.055383212,2.2373355376402042E-6,1512000.0,70.20350529100529,40.40699119021762,36.55481356094511,40.40030955861438,1249.0,8872.0,0.0,0.0,3.0,2.0,2.0,1.0,0.0,0.0,1.0
1513000.0,23.069187671,2.238662832819832E-6,1513000.0,70.20323859881032,40.40643064361426,36.553652677250795,40.391506128439396,2249.0,9104.0,0.0,0.0,3.0,2.0,2.0,1.0,0.0,0.0,1.0
1514000.0,23.083581365,2.2400347777166466E-6,1514000.0,70.20264200792602,40.40520525272549,36.55509161661236,40.38173598290473,721.0,4560.0,1.0,0.0,1.0,1.0,1.0,0.0,0.0,0.0,1.0
1515000.0,23.098041755,2.241435674904759E-6,1515000.0,70.20343234323433,40.40674238505048,36.55778576668701,40.37309578626048,1721.0,9088.0,0.0,0.0,3.0,2.0,2.0,1.0,0.0,0.0,1.0
1516000.0,23.111947439,2.2427752641982836E-6,1516000.0,70.20540897097625,40.410653463391824,36.56246971631296,40.367706468528716,2721.0,9096.0,0.0,0.0,3.0,2.0,2.0,1.0,0.0,0.0,1.0
1517000.0,23.126159759,2.244126715191901E-6,1517000.0,70.20830586684245,40.4163889913571,36.56777692472882,40.36220256318224,265.0,4552.0,1.0,0.0,1.0,1.0,1.0,0.0,0.0,0.0,1.0
1518000.0,23.140965442,2.245550859998016E-6,1518000.0,70.20612648221343,40.41197067810949,36.564768256506284,40.347570554105445,945.0,9064.0,1.0,0.0,3.0,2.0,2.0,1.0,0.0,0.0,1.0
1519000.0,23.155339554,2.2469186180208938E-6,1519000.0,70.20770243581303,40.415081251408786,36.567085726140036,40.343534343547525,313.0,4560.0,1.0,0.0,1.0,1.0,1.0,0.0,0.0,0.0,1.0
1520000.0,23.169753277,2.24829086113662E-6,1520000.0,70.20585526315789,40.41131898225679,36.563182437704235,40.32934932558228,481.0,4560.0,1.0,0.0,1.0,1.0,1.0,0.0,0.0,0.0,1.0
1521000.0,23.184302452,2.249693373894659E-6,1521000.0,70.20703484549638,40.413615803168135,36.567499506567216,40.322100594209616,1481.0,8960.0,0.0,0.0,3.0,2.0,2.0,1.0,0.0,0.0,1.0
1522000.0,23.199491865,2.251136447883789E-6,1522000.0,70.20637319316688,40.41220474252397,36.564610623975284,40.31054486196469,177.0,4560.0,3.0,0.0,1.0,1.0,1.0,0.0,0.0,0.0,1.0
1523000.0,23.213370802,2.252455536802776E-6,1523000.0,70.20446487196324,40.408301080352906,36.56288268943652,40.29736460911197,1177.0,4560.0,0.0,0.0,1.0,1.0,1.0,0.0,0.0,0.0,1.0
1524000.0,23.227767439,2.2538463247243858E-6,1524000.0,70.20505249343833,40.40941065209657,36.56336398930978,40.29100042078688,2177.0,9088.0,0.0,0.0,3.0,2.0,2.0,1.0,0.0,0.0,1.0
1525000.0,23.24263766,2.2552563040030524E-6,1525000.0,70.20609836065573,40.41142692844571,36.5657076161862,40.284071792067955,41.0,4560.0,2.0,0.0,1.0,1.0,1.0,0.0,0.0,0.0,1.0
1526000.0,23.257572522,2.2566768634115224E-6,1526000.0,70.20550458715597,40.41013710403038,36.564560123337074,40.27229686769274,177.0,4560.0,1.0,0.0,1.0,1.0,1.0,0.0,0.0,0.0,1.0
1527000.0,23.271509012,2.2580078254664713E-6,1527000.0,70.20392927308447,40.406885196228586,36.562118751002124,40.25989713882057,1177.0,4560.0,0.0,0.0,1.0,1.0,1.0,0.0,0.0,0.0,1.0
1528000.0,23.285915562,2.2593945321505664E-6,1528000.0,70.20641361256544,40.41178228227136,36.56796587946623,40.25713607057134,2177.0,9080.0,0.0,0.0,3.0,2.0,2.0,1.0,0.0,0.0,1.0
1529000.0,23.300886571,2.260818715658089E-6,1529000.0,70.20431654676258,40.40749213668968,36.56555980083098,40.244255945393284,457.0,4560.0,2.0,0.0,1.0,1.0,1.0,0.0,0.0,0.0,1.0
1530000.0,23.315304048,2.262204952360628E-6,1530000.0,70.2037908496732,40.406318757080825,36.564554619393164,40.23210628852814,1457.0,9104.0,0.0,0.0,3.0,2.0,2.0,1.0,0.0,0.0,1.0
1531000.0,23.330595386,2.263654798232193E-6,1531000.0,70.20424559111692,40.40710604826538,36.56607766874186,40.22397027008258,25.0,4496.0,2.0,0.0,1.0,1.0,1.0,0.0,0.0,0.0,1.0
1532000.0,23.344913077,2.265032448023674E-6,1532000.0,70.20078328981724,40.400056936792495,36.56023056677293,40.20892379101335,1025.0,8416.0,0.0,0.0,3.0,2.0,2.0,1.0,0.0,0.0,1.0
1533000.0,23.359087487,2.266380675512151E-6,1533000.0,70.20182648401826,40.40197823281005,36.56273998702941,40.19916766922509,745.0,4560.0,1.0,0.0,1.0,1.0,1.0,0.0,0.0,0.0,1.0
1534000.0,23.373486169,2.267772793375697E-6,1534000.0,70.20234680573664,40.4029106205317,36.56422390762805,40.19267782399406,1745.0,9104.0,0.0,0.0,3.0,2.0,2.0,1.0,0.0,0.0,1.0
1535000.0,23.388836144,2.2692290248837388E-6,1535000.0,70.20228013029316,40.402625124762686,36.56041043394318,40.1814976498683,57.0,4560.0,3.0,0.0,1.0,1.0,1.0,0.0,0.0,0.0,1.0
1536000.0,23.402643795,2.270544253394956E-6,1536000.0,70.200390625,40.39868642243476,36.554742987674715,40.16799736474722,1057.0,4560.0,0.0,0.0,1.0,1.0,1.0,0.0,0.0,0.0,1.0
1537000.0,23.416970466,2.271931395556056E-6,1537000.0,70.19876382563434,40.395265373028934,36.55209766138493,40.155189263484644,2057.0,9064.0,0.0,0.0,3.0,2.0,2.0,1.0,0.0,0.0,1.0
1538000.0,23.430898773,2.2732740001692605E-6,1538000.0,70.20084525357608,40.39930549046309,36.558839122448326,40.15132224141825,3057.0,9088.0,0.0,0.0,3.0,2.0,2.0,1.0,0.0,0.0,1.0
1539000.0,23.445912438,2.274700936478207E-6,1539000.0,70.20025990903184,40.39797355137721,36.5567404780053,40.140467293257124,217.0,4560.0,2.0,0.0,1.0,1.0,1.0,0.0,0.0,0.0,1.0
1540000.0,23.460385386,2.276092806236078E-6,1540000.0,70.19811688311688,40.39352891646385,36.5542210646804,40.12688249475562,1217.0,8896.0,0.0,0.0,3.0,2.0,2.0,1.0,0.0,0.0,1.0
1541000.0,23.47502919,2.2774836808226052E-6,1541000.0,70.19850746268656,40.394127639899104,36.555602833744096,40.118552594348536,265.0,4560.0,1.0,0.0,1.0,1.0,1.0,0.0,0.0,0.0,1.0
1542000.0,23.489272996,2.2788402777948066E-6,1542000.0,70.1973411154345,40.391625039543115,36.55296859381816,40.10796172076699,849.0,4560.0,1.0,0.0,1.0,1.0,1.0,0.0,0.0,0.0,1.0
1543000.0,23.503697401,2.2802316884002607E-6,1543000.0,70.19358392741412,40.38397083437855,36.54692001192039,40.091781121694005,1849.0,9064.0,0.0,0.0,3.0,2.0,2.0,1.0,0.0,0.0,1.0
1544000.0,23.517651154,2.2815831858191226E-6,1544000.0,70.19365284974093,40.38392474988226,36.54892671849815,40.08212814490383,2849.0,9096.0,0.0,0.0,3.0,2.0,2.0,1.0,0.0,0.0,1.0
1545000.0,23.532674001,2.283028934528886E-6,1545000.0,70.19339805825243,40.38323089622321,36.54779390488894,40.07183384519287,713.0,8960.0,1.0,0.0,3.0,2.0,2.0,1.0,0.0,0.0,1.0
1546000.0,23.54695891,2.2843883227626256E-6,1546000.0,70.1970892626132,40.390442411016856,36.55846909663705,40.069795633805754,17.0,4544.0,1.0,0.0,1.0,1.0,1.0,0.0,0.0,0.0,1.0
1547000.0,23.561524017,2.285784654463751E-6,1547000.0,70.19663865546218,40.389363314254076,36.55918861016054,40.05951692228088,1017.0,8304.0,0.0,0.0,3.0,2.0,2.0,1.0,0.0,0.0,1.0
1548000.0,23.575225508,2.2871063027993076E-6,1548000.0,70.19864341085271,40.393212254460195,36.564521784567575,40.05496504586917,2017.0,9104.0,0.0,0.0,3.0,2.0,2.0,1.0,0.0,0.0,1.0
1549000.0,23.590447662,2.2885509751702123E-6,1549000.0,70.19870884441575,40.393134012710995,36.56433067977095,40.04574281420909,297.0,4560.0,2.0,0.0,1.0,1.0,1.0,0.0,0.0,0.0,1.0
1550000.0,23.604801607,2.289916635975043E-6,1550000.0,70.196,40.387529036292015,36.56032551899158,40.03164823981006,625.0,4560.0,1.0,0.0,1.0,1.0,1.0,0.0,0.0,0.0,1.0
1551000.0,23.620293882,2.291386367292928E-6,1551000.0,70.19671179883946,40.38874434462772,36.56150973640548,40.02366621297775,25.0,4512.0,1.0,0.0,1.0,1.0,1.0,0.0,0.0,0.0,1.0
1552000.0,23.634175419,2.292704841443172E-6,1552000.0,70.19671391752578,40.388560136146666,36.563706881418426,40.01449880559929,1025.0,4560.0,0.0,0.0,1.0,1.0,1.0,0.0,0.0,0.0,1.0
1553000.0,23.648469821,2.2940851021038206E-6,1553000.0,70.19903412749517,40.39301323520282,36.56866158092822,40.010162298649746,2025.0,9104.0,0.0,0.0,3.0,2.0,2.0,1.0,0.0,0.0,1.0
1554000.0,23.663371884,2.2955006912858105E-6,1554000.0,70.19999999999999,40.39476608213043,36.57029915612796,40.004042120973416,209.0,4560.0,2.0,0.0,1.0,1.0,1.0,0.0,0.0,0.0,1.0
1555000.0,23.677614501,2.296857587688665E-6,1555000.0,70.19762057877813,40.38981828142582,36.565337728147526,39.9917386620258,1209.0,4712.0,0.0,0.0,3.0,2.0,2.0,1.0,0.0,0.0,1.0
1556000.0,23.692210566,2.2982455592425234E-6,1556000.0,70.19877892030848,40.39197609737407,36.56990200423499,39.98664376780344,513.0,4560.0,1.0,0.0,1.0,1.0,1.0,0.0,0.0,0.0,1.0
1557000.0,23.706555179,2.29962585884717E-6,1557000.0,70.20044958253051,40.39512822029791,36.573472841555,39.98010457387827,1513.0,9104.0,0.0,0.0,3.0,2.0,2.0,1.0,0.0,0.0,1.0
1558000.0,23.72128965,2.301023088426652E-6,1558000.0,70.20430038510912,40.40263195515188,36.582203776513055,39.97843336776927,17.0,4544.0,2.0,0.0,1.0,1.0,1.0,0.0,0.0,0.0,1.0
1559000.0,23.735170165,2.3023447404069435E-6,1559000.0,70.20211674150096,40.39807008765205,36.57938890549893,39.96717604109457,1017.0,4560.0,0.0,0.0,1.0,1.0,1.0,0.0,0.0,0.0,1.0
1560000.0,23.749504635,2.3037269120123466E-6,1560000.0,70.20288461538462,40.399434128510805,36.581382689167135,39.96125157415481,2017.0,9104.0,0.0,0.0,3.0,2.0,2.0,1.0,0.0,0.0,1.0
1561000.0,23.764232833,2.305125985265426E-6,1561000.0,70.2014734144779,40.39635220787075,36.57951641975006,39.948773362148316,361.0,4560.0,2.0,0.0,1.0,1.0,1.0,0.0,0.0,0.0,1.0
1562000.0,23.778695908,2.306518491974283E-6,1562000.0,70.201728553137,40.3966569400008,36.5805038961959,39.941444556847024,1361.0,9080.0,0.0,0.0,3.0,2.0,2.0,1.0,0.0,0.0,1.0
1563000.0,23.793121574,2.3078954547634848E-6,1563000.0,70.19980806142034,40.39258455198873,36.57686044041634,39.92942842440445,889.0,4560.0,1.0,0.0,1.0,1.0,1.0,0.0,0.0,0.0,1.0
1564000.0,23.807597781,2.30928745818057E-6,1564000.0,70.19968030690536,40.39213091260902,36.57677297147242,39.92103370311455,1889.0,9088.0,0.0,0.0,3.0,2.0,2.0,1.0,0.0,0.0,1.0
1565000.0,23.822433815,2.310696038167009E-6,1565000.0,70.19891373801916,40.39039132520433,36.5743769115593,39.910894546091704,297.0,4560.0,2.0,0.0,1.0,1.0,1.0,0.0,0.0,0.0,1.0
1566000.0,23.837065446,2.312108134738584E-6,1566000.0,70.19878671775224,40.38989379064245,36.57291192399955,39.900892304086526,1297.0,9104.0,0.0,0.0,3.0,2.0,2.0,1.0,0.0,0.0,1.0
1567000.0,23.851434426,2.313475404429788E-6,1567000.0,70.19783024888322,40.38763702843414,36.56916609506476,39.88837515832399,793.0,4560.0,1.0,0.0,1.0,1.0,1.0,0.0,0.0,0.0,1.0
1568000.0,23.865922606,2.3148765950786783E-6,1568000.0,70.19706632653062,40.38590499238593,36.57142857142857,39.881437874526895,1793.0,9072.0,0.0,0.0,3.0,2.0,2.0,1.0,0.0,0.0,1.0
1569000.0,23.879798344,2.316210312956208E-6,1569000.0,70.20076481835564,40.39305408828242,36.580085699287466,39.87910241062234,2793.0,9080.0,0.0,0.0,3.0,2.0,2.0,1.0,0.0,0.0,1.0
1570000.0,23.894537522,2.317610429230594E-6,1570000.0,70.20019108280255,40.391669978467206,36.5800792449096,39.8692398845342,401.0,4560.0,2.0,0.0,1.0,1.0,1.0,0.0,0.0,0.0,1.0
1571000.0,23.908792577,2.3189679795615195E-6,1571000.0,70.19949077021006,40.38998279824759,36.577653988501325,39.85797126024815,1401.0,3992.0,0.0,0.0,3.0,2.0,2.0,1.0,0.0,0.0,1.0
1572000.0,23.922800849,2.3203178284518242E-6,1572000.0,70.20127226463104,40.39329101028624,36.58222895521701,39.85241605472958,2401.0,9104.0,0.0,0.0,3.0,2.0,2.0,1.0,0.0,0.0,1.0
1573000.0,23.937302468,2.3217022212042667E-6,1573000.0,70.20317863954227,40.39685320426241,36.58603903571554,39.84696850302752,809.0,4560.0,1.0,0.0,1.0,1.0,1.0,0.0,0.0,0.0,1.0
1574000.0,23.951815018,2.3230990408435967E-6,1574000.0,70.20400254129606,40.398226655159284,36.58926048363654,39.839731337693024,1809.0,9104.0,0.0,0.0,3.0,2.0,2.0,1.0,0.0,0.0,1.0
1575000.0,23.966665956,2.324510972204863E-6,1575000.0,70.20755555555556,40.40510721259851,36.59803077737948,39.83762874371266,25.0,4536.0,1.0,0.0,1.0,1.0,1.0,0.0,0.0,0.0,1.0
1576000.0,23.98098034,2.325873046853965E-6,1576000.0,70.20463197969544,40.398966758263015,36.5909615704025,39.822225183996686,961.0,4560.0,1.0,0.0,1.0,1.0,1.0,0.0,0.0,0.0,1.0
1577000.0,23.995350182,2.327256904216649E-6,1577000.0,70.20380469245403,40.397117698904474,36.591520634346594,39.81499508156407,1961.0,8496.0,0.0,0.0,3.0,2.0,2.0,1.0,0.0,0.0,1.0
1578000.0,24.009794515,2.3286333170758748E-6,1578000.0,70.20399239543727,40.39720162448398,36.59098724890594,39.807432328632444,625.0,4560.0,1.0,0.0,1.0,1.0,1.0,0.0,0.0,0.0,1.0
1579000.0,24.024240819,2.33002465754301E-6,1579000.0,70.20278657378087,40.39448444708108,36.58945507131526,39.79621475888314,1625.0,9104.0,0.0,0.0,3.0,2.0,2.0,1.0,0.0,0.0,1.0
1580000.0,24.038109709,2.3313657253741043E-6,1580000.0,70.20424050632911,40.397152496071946,36.593240085391244,39.791765783186776,2625.0,9104.0,0.0,0.0,3.0,2.0,2.0,1.0,0.0,0.0,1.0
1581000.0,24.052006827,2.332701929692732E-6,1581000.0,70.20714737507906,40.402723311533045,36.59875061749,39.789029913420954,3625.0,9104.0,0.0,0.0,3.0,2.0,2.0,1.0,0.0,0.0,1.0
1582000.0,24.066810766,2.334108013968075E-6,1582000.0,70.20790139064475,40.40397129971956,36.599595366080706,39.781567942514656,465.0,4560.0,2.0,0.0,1.0,1.0,1.0,0.0,0.0,0.0,1.0
1583000.0,24.081645845,2.3355214771316228E-6,1583000.0,70.20814908401769,40.40417341131515,36.60004543884108,39.772091633313494,313.0,4560.0,1.0,0.0,1.0,1.0,1.0,0.0,0.0,0.0,1.0
1584000.0,24.096094122,2.336913366447541E-6,1584000.0,70.20574494949496,40.399021281200916,36.596470722581614,39.75757049692177,1313.0,9056.0,0.0,0.0,3.0,2.0,2.0,1.0,0.0,0.0,1.0
1585000.0,24.109806627,2.3382399651841538E-6,1585000.0,70.20744479495268,40.40212922422667,36.59856309840131,39.75266302538055,2313.0,9096.0,0.0,0.0,3.0,2.0,2.0,1.0,0.0,0.0,1.0
1586000.0,24.124591586,2.3396444303254276E-6,1586000.0,70.20523329129887,40.397470724654525,36.59641726721025,39.74154453536548,785.0,4560.0,2.0,0.0,1.0,1.0,1.0,0.0,0.0,0.0,1.0
1587000.0,24.139397472,2.341052905776578E-6,1587000.0,70.2054820415879,40.39773891501514,36.59916357487935,39.73371842112306,377.0,4560.0,1.0,0.0,1.0,1.0,1.0,0.0,0.0,0.0,1.0
1588000.0,24.153751332,2.342440838617437E-6,1588000.0,70.20642317380353,40.39935089014213,36.60134134657259,39.72630313036654,1377.0,9096.0,0.0,0.0,3.0,2.0,2.0,1.0,0.0,0.0,1.0
1589000.0,24.168009748,2.3437975581634902E-6,1589000.0,70.21095028319698,40.40814381605741,36.61072513297945,39.72676698029,9.0,4504.0,1.0,0.0,1.0,1.0,1.0,0.0,0.0,0.0,1.0
1590000.0,24.18226402,2.34515391289958E-6,1590000.0,70.20905660377359,40.40413187855729,36.60729461235077,39.715476229869154,977.0,4560.0,1.0,0.0,1.0,1.0,1.0,0.0,0.0,0.0,1.0
1591000.0,24.196993952,2.3465521753453827E-6,1591000.0,70.20986800754243,40.40543317496219,36.60978910989611,39.70874638572533,57.0,4544.0,1.0,0.0,1.0,1.0,1.0,0.0,0.0,0.0,1.0
1592000.0,24.21084823,2.3478727054331527E-6,1592000.0,70.20986180904522,40.40517390081462,36.60842460388537,39.70129024711513,1057.0,4560.0,0.0,0.0,1.0,1.0,1.0,0.0,0.0,0.0,1.0
1593000.0,24.224689388,2.349213813032768E-6,1593000.0,70.21186440677965,40.40906427919009,36.61260654732563,39.69629885676814,2057.0,9096.0,0.0,0.0,3.0,2.0,2.0,1.0,0.0,0.0,1.0
1594000.0,24.238399801,2.3505356409825005E-6,1594000.0,70.21537013801756,40.4158247501994,36.619056455413315,39.69505015388484,3057.0,9104.0,0.0,0.0,3.0,2.0,2.0,1.0,0.0,0.0,1.0
1595000.0,24.253259246,2.351949026951477E-6,1595000.0,70.21260188087774,40.410005176175545,36.61570849381445,39.68317445083022,825.0,4560.0,2.0,0.0,1.0,1.0,1.0,0.0,0.0,0.0,1.0
1596000.0,24.268242695,2.3533725332791643E-6,1596000.0,70.21271929824562,40.40995905335619,36.61562460418515,39.676382549730945,225.0,4560.0,1.0,0.0,1.0,1.0,1.0,0.0,0.0,0.0,1.0
1597000.0,24.282521928,2.3547516543045906E-6,1597000.0,70.21340012523481,40.41101453345563,36.61505088070184,39.667142708568505,1225.0,9096.0,0.0,0.0,3.0,2.0,2.0,1.0,0.0,0.0,1.0
1598000.0,24.296433182,2.3560881813267883E-6,1598000.0,70.21739674593242,40.418678082577244,36.62440526205755,39.66585405740495,2225.0,9104.0,0.0,0.0,3.0,2.0,2.0,1.0,0.0,0.0,1.0
1599000.0,24.311262951,2.35749542989172E-6,1599000.0,70.22038774233896,40.4243417553,36.63102814086134,39.662233395507265,185.0,4560.0,2.0,0.0,1.0,1.0,1.0,0.0,0.0,0.0,1.0
1600000.0,24.325711032,2.3588890047301533E-6,1600000.0,70.220375,40.42398960685042,36.63050041361994,39.65414173754896,1185.0,9080.0,0.0,0.0,3.0,2.0,2.0,1.0,0.0,0.0,1.0
1601000.0,24.340528288,2.360298193812355E-6,1601000.0,70.21474078700813,40.412436623533786,36.62045399267137,39.635964085030324,873.0,4560.0,1.0,0.0,1.0,1.0,1.0,0.0,0.0,0.0,1.0
1602000.0,24.355631769,2.3617396680429324E-6,1602000.0,70.21098626716605,40.40454670084412,36.6143212159127,39.62083677053337,145.0,4560.0,1.0,0.0,1.0,1.0,1.0,0.0,0.0,0.0,1.0
1603000.0,24.368799108,2.3629896533416763E-6,1603000.0,70.20492825951341,40.39177875466478,36.60143385637277,39.601045567151886,1145.0,4560.0,0.0,0.0,1.0,1.0,1.0,0.0,0.0,0.0,1.0
1604000.0,24.383105646,2.364369694230748E-6,1604000.0,70.19875311720698,40.37913823759068,36.58762428447298,39.58216682234189,2145.0,8968.0,0.0,0.0,3.0,2.0,2.0,1.0,0.0,0.0,1.0
1605000.0,24.397085944,2.3657242834849625E-6,1605000.0,70.19582554517135,40.37294551306778,36.58089380719867,39.56934232800222,3145.0,9096.0,0.0,0.0,3.0,2.0,2.0,1.0,0.0,0.0,1.0
1606000.0,24.411631572,2.367143432814178E-6,1606000.0,70.19327521793275,40.36745677181846,36.57555481947664,39.55606736139258,4145.0,13592.0,0.0,0.0,5.0,3.0,3.0,2.0,0.0,0.0,1.0
1607000.0,24.425681813,2.3685198326000667E-6,1607000.0,70.18786558805226,40.35627428639093,36.566147409118884,39.5386786071259,5145.0,13640.0,0.0,0.0,5.0,3.0,3.0,2.0,0.0,0.0,1.0
1608000.0,24.440292572,2.3699594880811595E-6,1608000.0,70.1832711442786,40.34689381323135,36.55897616394925,39.52218473085048,6145.0,18128.0,0.0,0.0,7.0,4.0,4.0,3.0,0.0,0.0,1.0
1609000.0,24.454330139,2.3713484751485635E-6,1609000.0,70.18004972032318,40.34023153419609,36.55413625304135,39.5085573801494,7145.0,18192.0,0.0,0.0,7.0,4.0,4.0,3.0,0.0,0.0,1.0
1610000.0,24.469854067,2.372890510324854E-6,1610000.0,70.1780745341615,40.336040144211196,36.550604055936304,39.49738776724037,8145.0,18192.0,0.0,0.0,7.0,4.0,4.0,3.0,0.0,0.0,1.0
1611000.0,24.484367654,2.37434137694972E-6,1611000.0,70.17653631284915,40.332920684137044,36.54816837868034,39.48878771276896,9145.0,22728.0,0.0,0.0,9.0,5.0,5.0,4.0,0.0,0.0,1.0
1612000.0,24.498337101,2.375743254426622E-6,1612000.0,70.17363523573201,40.32700542602111,36.543083434849244,39.47552275894364,10145.0,22736.0,0.0,0.0,9.0,5.0,5.0,4.0,0.0,0.0,1.0
1613000.0,24.513399239,2.377174984766965E-6,1613000.0,70.16732796032238,40.31397544866926,36.52907627047104,39.45664591521935,489.0,4560.0,2.0,0.0,1.0,1.0,1.0,0.0,0.0,0.0,1.0
1614000.0,24.527875682,2.378573272627958E-6,1614000.0,70.1628252788104,40.30456101889192,36.51982947939541,39.44036931450207,1489.0,8984.0,0.0,0.0,3.0,2.0,2.0,1.0,0.0,0.0,1.0
1615000.0,24.541718407,2.379904075179739E-6,1615000.0,70.15826625386997,40.295109896390194,36.51029522191045,39.42444017656938,2489.0,9104.0,0.0,0.0,3.0,2.0,2.0,1.0,0.0,0.0,1.0
1616000.0,24.555960037,2.38125993436506E-6,1616000.0,70.15587871287129,40.289936715183224,36.50596588328381,39.41064067951201,385.0,4560.0,1.0,0.0,1.0,1.0,1.0,0.0,0.0,0.0,1.0
1617000.0,24.569772278,2.3825721697831565E-6,1617000.0,70.14990723562153,40.27737377547404,36.49233975590373,39.389494912457614,201.0,4560.0,1.0,0.0,1.0,1.0,1.0,0.0,0.0,0.0,1.0
1618000.0,24.583384743,2.383867115778428E-6,1618000.0,70.14369592089,40.26457692446559,36.481545033904126,39.371976129068706,1201.0,4560.0,0.0,0.0,1.0,1.0,1.0,0.0,0.0,0.0,1.0
1619000.0,24.597811732,2.3852621197583894E-6,1619000.0,70.13977764051884,40.256417087330846,36.47387336482677,39.355618082534775,2201.0,9096.0,0.0,0.0,3.0,2.0,2.0,1.0,0.0,0.0,1.0
1620000.0,24.611707245,2.3865983423060794E-6,1620000.0,70.13604938271605,40.248710743212804,36.46685559550667,39.342541942132954,3201.0,9104.0,0.0,0.0,3.0,2.0,2.0,1.0,0.0,0.0,1.0
1621000.0,24.626160113,2.3880083517379433E-6,1621000.0,70.13312769895127,40.24260029727735,36.46046874220755,39.32837158242594,4201.0,12944.0,0.0,0.0,5.0,3.0,3.0,2.0,0.0,0.0,1.0
1622000.0,24.640674063,2.3894493720978496E-6,1622000.0,70.12909987669543,40.23439500517958,36.45372918213223,39.313100442150876,5201.0,18104.0,0.0,0.0,7.0,4.0,4.0,2.0,0.0,0.0,1.0
1623000.0,24.654829757,2.390846619863357E-6,1623000.0,70.12686383240911,40.2297410564647,36.45146576559809,39.30284293560109,6201.0,18120.0,0.0,0.0,7.0,4.0,4.0,2.0,0.0,0.0,1.0
1624000.0,24.669273823,2.3922949908800175E-6,1624000.0,70.12401477832513,40.22396167964143,36.44581430167628,39.290281409927566,7201.0,22672.0,0.0,0.0,9.0,5.0,5.0,3.0,0.0,0.0,1.0
1625000.0,24.683893962,2.393684525492715E-6,1625000.0,70.12172307692308,40.21905966034451,36.44001675655864,39.27718739173883,585.0,4560.0,1.0,0.0,1.0,1.0,1.0,0.0,0.0,0.0,1.0
1626000.0,24.697796757,2.3950112337703095E-6,1626000.0,70.11672816728168,40.208784105614534,36.430465629550355,39.26247776570839,1585.0,4560.0,0.0,0.0,1.0,1.0,1.0,0.0,0.0,0.0,1.0
1627000.0,24.712251556,2.3964132346775696E-6,1627000.0,70.11346035648432,40.20190629498803,36.42325745590524,39.250067777001796,2585.0,9096.0,0.0,0.0,3.0,2.0,2.0,1.0,0.0,0.0,1.0
1628000.0,24.726127164,2.397751333766437E-6,1628000.0,70.10859950859951,40.19180648813226,36.415568668238095,39.23351352296326,3585.0,9104.0,0.0,0.0,3.0,2.0,2.0,1.0,0.0,0.0,1.0
1629000.0,24.741250613,2.399248549012008E-6,1629000.0,70.1073664825046,40.18904512622548,36.41326915694053,39.22502234048395,4585.0,17432.0,0.0,0.0,7.0,4.0,4.0,2.0,0.0,0.0,1.0
1630000.0,24.755069632,2.400610019641109E-6,1630000.0,70.10447852760736,40.183183511145174,36.4079469023315,39.21286853906655,5585.0,17984.0,0.0,0.0,7.0,4.0,4.0,2.0,0.0,0.0,1.0
1631000.0,24.769158767,2.4020040509333093E-6,1631000.0,70.10282035561005,40.179602157170706,36.40548848479789,39.20094660508911,6585.0,18128.0,0.0,0.0,7.0,4.0,4.0,2.0,0.0,0.0,1.0
1632000.0,24.789248622,2.4044194878459893E-6,1632000.0,70.10134803921568,40.17647932316275,36.40342416833061,39.1915317329465,7585.0,98832.0,0.0,0.0,27.0,23.0,23.0,3.0,0.0,0.0,1.0
1633000.0,24.805651625,2.406384723027287E-6,1633000.0,70.0987752602572,40.171158826665696,36.399514940585426,39.17980860373899,8585.0,99072.0,0.0,0.0,27.0,23.0,23.0,3.0,0.0,0.0,1.0
1634000.0,24.821853622,2.408332280348637E-6,1634000.0,70.09724602203183,40.16791512620628,36.39633330382759,39.1688505711351,9585.0,99112.0,0.0,0.0,27.0,23.0,23.0,3.0,0.0,0.0,1.0
1635000.0,24.8379799,2.4102619916252652E-6,1635000.0,70.09553516819572,40.16428888682364,36.39268253972385,39.15715124787211,10585.0,99128.0,0.0,0.0,27.0,23.0,23.0,3.0,0.0,0.0,1.0
1636000.0,24.853999385,2.4121850904282974E-6,1636000.0,70.09437652811737,40.161794039013756,36.39128145456438,39.146279728403584,11585.0,99128.0,0.0,0.0,27.0,23.0,23.0,3.0,0.0,0.0,1.0
1637000.0,24.870187257,2.414118788445232E-6,1637000.0,70.0923640806353,40.15764267840834,36.38690598388324,39.135191313623054,12585.0,99136.0,0.0,0.0,27.0,23.0,23.0,3.0,0.0,0.0,1.0
1638000.0,24.886398083,2.416061468701268E-6,1638000.0,70.09224664224665,40.157198531139464,36.387222101748975,39.1261504968556,13585.0,99136.0,0.0,0.0,27.0,23.0,23.0,3.0,0.0,0.0,1.0
1639000.0,24.903915489,2.417723321476687E-6,1639000.0,70.08974984746797,40.152063640226075,36.38165117613012,39.11340854075818,185.0,4560.0,2.0,0.0,1.0,1.0,1.0,0.0,0.0,0.0,1.0
1640000.0,24.917833581,2.4190469959337847E-6,1640000.0,70.08621951219513,40.14482343968957,36.37470738144491,39.09940016286969,1185.0,4560.0,0.0,0.0,1.0,1.0,1.0,0.0,0.0,0.0,1.0
1641000.0,24.937592172,2.4213176333914723E-6,1641000.0,70.08275441803778,40.13777754671269,36.36979865336885,39.08651233426721,2185.0,79528.0,0.0,0.0,23.0,21.0,21.0,2.0,0.0,0.0,1.0
1642000.0,24.954006244,2.423241357744968E-6,1642000.0,70.0778928136419,40.127670784151796,36.36125779907181,39.06912314381453,3185.0,90040.0,0.0,0.0,23.0,21.0,21.0,2.0,0.0,0.0,1.0
1643000.0,24.97021228,2.425165922500005E-6,1643000.0,70.07169811320755,40.115003742415574,36.34823221176437,39.050232657300874,4185.0,94544.0,0.0,0.0,25.0,22.0,22.0,2.0,0.0,0.0,1.0
1644000.0,24.986227629,2.427074007076092E-6,1644000.0,70.06575425790754,40.10286280684326,36.3377166031707,39.032687673829415,5185.0,94544.0,0.0,0.0,25.0,22.0,22.0,2.0,0.0,0.0,1.0
1645000.0,25.002158952,2.428963112447571E-6,1645000.0,70.0620668693009,40.09519828209071,36.33092781106092,39.01657086390889,6185.0,94576.0,0.0,0.0,25.0,22.0,22.0,2.0,0.0,0.0,1.0
1646000.0,25.018113314,2.4308611573558783E-6,1646000.0,70.05722964763062,40.085272625510456,36.32070535124791,38.99932545748215,7185.0,94592.0,0.0,0.0,25.0,22.0,22.0,2.0,0.0,0.0,1.0
1647000.0,25.034553317,2.432807995166175E-6,1647000.0,70.05185185185185,40.074210094922464,36.309908876914754,38.980681492038045,8185.0,94592.0,0.0,0.0,25.0,22.0,22.0,2.0,0.0,0.0,1.0
1648000.0,25.05040326,2.4346910589997455E-6,1648000.0,70.04654126213592,40.06329229113072,36.2995835747533,38.96376401229545,9185.0,94592.0,0.0,0.0,25.0,22.0,22.0,2.0,0.0,0.0,1.0
1649000.0,25.066342622,2.436591080055074E-6,1649000.0,70.0417828987265,40.0534566447892,36.29149987619677,38.945787785721784,10185.0,94592.0,0.0,0.0,25.0,22.0,22.0,2.0,0.0,0.0,1.0
1650000.0,25.082289392,2.4384822811300543E-6,1650000.0,70.03781818181818,40.04525044907135,36.283213214142094,38.931169468055266,11185.0,94592.0,0.0,0.0,25.0,22.0,22.0,2.0,0.0,0.0,1.0
1651000.0,25.09829211,2.4403862775295587E-6,1651000.0,70.03391883706844,40.03728884071268,36.27678908382268,38.91819749791039,12185.0,94592.0,0.0,0.0,25.0,22.0,22.0,2.0,0.0,0.0,1.0
1652000.0,25.114665723,2.4423260666711057E-6,1652000.0,70.02941888619854,40.02812280186347,36.26957811164544,38.90438207682208,13185.0,94592.0,0.0,0.0,25.0,22.0,22.0,2.0,0.0,0.0,1.0
1653000.0,25.130897134,2.4442554588623456E-6,1653000.0,70.02552934059287,40.0200956484871,36.26284286774628,38.88940279160175,14185.0,94592.0,0.0,0.0,25.0,22.0,22.0,2.0,0.0,0.0,1.0
1654000.0,25.146929778,2.446152464206205E-6,1654000.0,70.02212817412334,40.013085028294135,36.25755427313782,38.87625324058151,15185.0,94592.0,0.0,0.0,25.0,22.0,22.0,2.0,0.0,0.0,1.0
1655000.0,25.162946697,2.4480537746051374E-6,1655000.0,70.01842900302114,40.005464724001776,36.251630019335394,38.862425517863386,16185.0,94592.0,0.0,0.0,25.0,22.0,22.0,2.0,0.0,0.0,1.0
1656000.0,25.179050215,2.4499715638530055E-6,1656000.0,70.01497584541063,39.99822907457325,36.24377109737825,38.84571521467649,17185.0,94592.0,0.0,0.0,25.0,22.0,22.0,2.0,0.0,0.0,1.0
1657000.0,25.195240301,2.4518902471048517E-6,1657000.0,70.01243210621605,39.992757771994945,36.23989180283273,38.83056514395733,18185.0,94600.0,0.0,0.0,25.0,22.0,22.0,2.0,0.0,0.0,1.0
1658000.0,25.211531033,2.4538271289532266E-6,1658000.0,70.00971049457178,39.98707663051803,36.235550893427344,38.81859758911028,19185.0,94600.0,0.0,0.0,25.0,22.0,22.0,2.0,0.0,0.0,1.0
1659000.0,25.227729565,2.455743795926824E-6,1659000.0,70.00693188667873,39.98122584676071,36.23100553253714,38.80659423097027,20185.0,94600.0,0.0,0.0,25.0,22.0,22.0,2.0,0.0,0.0,1.0
1660000.0,25.244430126,2.4577407411282146E-6,1660000.0,70.004578313253,39.97625702093195,36.226790629286604,38.795764217099226,21185.0,97920.0,0.0,0.0,27.0,23.0,23.0,3.0,0.0,0.0,1.0
1661000.0,25.2611576,2.459341571064849E-6,1661000.0,70.00246839253462,39.971804848292415,36.222439823614884,38.78671502213836,233.0,4560.0,1.0,0.0,1.0,1.0,1.0,0.0,0.0,0.0,1.0
1662000.0,25.2750663,2.4606659067179767E-6,1662000.0,69.9982551143201,39.96301655990248,36.21247455875184,38.77059587750901,1233.0,4560.0,0.0,0.0,1.0,1.0,1.0,0.0,0.0,0.0,1.0
1663000.0,25.289451801,2.4620581792647894E-6,1663000.0,69.99482862297054,39.955756483542984,36.203285814741434,38.757290418867704,2233.0,9104.0,0.0,0.0,3.0,2.0,2.0,1.0,0.0,0.0,1.0
1664000.0,25.303939025,2.4634666832182564E-6,1664000.0,69.99206730769231,39.94979374538972,36.199263265626854,38.744821613239985,3233.0,13040.0,0.0,0.0,5.0,3.0,3.0,2.0,0.0,0.0,1.0
1665000.0,25.317869994,2.464828602128462E-6,1665000.0,69.98876876876878,39.9427962143624,36.19271145253787,38.73238832194473,4233.0,13584.0,0.0,0.0,5.0,3.0,3.0,2.0,0.0,0.0,1.0
1666000.0,25.337649169,2.467184375838332E-6,1666000.0,69.98523409363744,39.93542399827572,36.18451698037599,38.71752480792774,5233.0,94496.0,0.0,0.0,25.0,22.0,22.0,2.0,0.0,0.0,1.0
1667000.0,25.353901612,2.4691116935409717E-6,1667000.0,69.98182363527295,39.9283386441282,36.17919204157764,38.70337092690383,6233.0,94560.0,0.0,0.0,25.0,22.0,22.0,2.0,0.0,0.0,1.0
1668000.0,25.370058659,2.471033951621352E-6,1668000.0,69.97679856115107,39.917906434005864,36.16921206188483,38.68547452038625,7233.0,94568.0,0.0,0.0,25.0,22.0,22.0,2.0,0.0,0.0,1.0
1669000.0,25.386180719,2.4729432384757682E-6,1669000.0,69.9727381665668,39.90951066786168,36.162502165472674,38.67067896626584,8233.0,94568.0,0.0,0.0,25.0,22.0,22.0,2.0,0.0,0.0,1.0
1670000.0,25.402346832,2.4748639654851443E-6,1670000.0,69.96862275449102,39.900971313197516,36.154129159808186,38.65284923390066,9233.0,94568.0,0.0,0.0,25.0,22.0,22.0,2.0,0.0,0.0,1.0
1671000.0,25.418754647,2.476804852232112E-6,1671000.0,69.96343506882107,39.89019238287873,36.144613568240686,38.63493538408872,10233.0,94568.0,0.0,0.0,25.0,22.0,22.0,2.0,0.0,0.0,1.0
1672000.0,25.435002626,2.478733086522481E-6,1672000.0,69.9604066985646,39.88379385396834,36.1383066915538,38.62143805098851,11233.0,94568.0,0.0,0.0,25.0,22.0,22.0,2.0,0.0,0.0,1.0
1673000.0,25.451107786,2.4806508379989806E-6,1673000.0,69.95690376569038,39.87642281748672,36.13342549931004,38.60735141975257,12233.0,94584.0,0.0,0.0,25.0,22.0,22.0,2.0,0.0,0.0,1.0
1674000.0,25.467215516,2.482559094527797E-6,1674000.0,69.95483870967743,39.871978421959255,36.13013829098253,38.59718303668988,13233.0,94584.0,0.0,0.0,25.0,22.0,22.0,2.0,0.0,0.0,1.0
1675000.0,25.483078503,2.484444463156092E-6,1675000.0,69.95277611940298,39.867447769959874,36.124342099418335,38.584102113535415,14233.0,94584.0,0.0,0.0,25.0,22.0,22.0,2.0,0.0,0.0,1.0
1676000.0,25.499259235,2.486358153290296E-6,1676000.0,69.9505369928401,39.86261723564852,36.12035976524696,38.57156622508883,15233.0,94584.0,0.0,0.0,25.0,22.0,22.0,2.0,0.0,0.0,1.0
1677000.0,25.515472891,2.4882821800637686E-6,1677000.0,69.94758497316637,39.85641990762322,36.11664268828313,38.558627752176136,16233.0,94584.0,0.0,0.0,25.0,22.0,22.0,2.0,0.0,0.0,1.0
1678000.0,25.531488988,2.49018892843606E-6,1678000.0,69.94618593563766,39.85324401048918,36.113067669325325,38.546623496424075,17233.0,94584.0,0.0,0.0,25.0,22.0,22.0,2.0,0.0,0.0,1.0
1679000.0,25.547444661,2.4920797654149708E-6,1679000.0,69.9422275163788,39.84506510781407,36.10672216989253,38.531339066039806,18233.0,94584.0,0.0,0.0,25.0,22.0,22.0,2.0,0.0,0.0,1.0
1680000.0,25.563473977,2.493985499935244E-6,1680000.0,69.93982142857142,39.83996671068934,36.1030275117922,38.52088114093019,19233.0,94584.0,0.0,0.0,25.0,22.0,22.0,2.0,0.0,0.0,1.0
1681000.0,25.579579199,2.495891459457811E-6,1681000.0,69.93515764425938,39.83030051185029,36.093966741398,38.50438837181854,20233.0,94584.0,0.0,0.0,25.0,22.0,22.0,2.0,0.0,0.0,1.0
1682000.0,25.596572359,2.497925818428218E-6,1682000.0,69.93162901307967,39.823043771637565,36.08885260693034,38.49321449115676,21233.0,98376.0,0.0,0.0,27.0,23.0,23.0,3.0,0.0,0.0,1.0
1683000.0,25.612867407,2.4998830770533312E-6,1683000.0,69.92786690433749,39.815171153452496,36.07952643829716,38.47707936492499,22233.0,98424.0,0.0,0.0,27.0,23.0,23.0,3.0,0.0,0.0,1.0
1684000.0,25.629027349,2.5018154788611402E-6,1684000.0,69.92547505938242,39.81008107348183,36.07351756903791,38.465622737059014,23233.0,98424.0,0.0,0.0,27.0,23.0,23.0,3.0,0.0,0.0,1.0
1685000.0,25.645221545,2.503758411749004E-6,1685000.0,69.92409495548961,39.807075508310895,36.06998280579632,38.45676493590397,24233.0,98424.0,0.0,0.0,27.0,23.0,23.0,3.0,0.0,0.0,1.0
1686000.0,25.661404768,2.5056916883981672E-6,1686000.0,69.92330960854093,39.805150121366424,36.06779353306278,38.44785960431782,25233.0,98544.0,0.0,0.0,27.0,23.0,23.0,3.0,0.0,0.0,1.0
1687000.0,25.677797834,2.507656343722007E-6,1687000.0,69.92033195020747,39.79895330978413,36.064650496482855,38.43649038350718,26233.0,98544.0,0.0,0.0,27.0,23.0,23.0,3.0,0.0,0.0,1.0
1688000.0,25.694162342,2.5096090417069804E-6,1688000.0,69.91795023696682,39.79392976297393,36.061643533762535,38.42641994470581,27233.0,98544.0,0.0,0.0,27.0,23.0,23.0,3.0,0.0,0.0,1.0
1689000.0,25.710361902,2.5115484943677266E-6,1689000.0,69.91397276494968,39.78572154966414,36.055403641982835,38.410997356591125,28233.0,98544.0,0.0,0.0,27.0,23.0,23.0,3.0,0.0,0.0,1.0
1690000.0,25.726492475,2.5134858971390614E-6,1690000.0,69.91177514792899,39.78102095110652,36.04916441126459,38.39944758408896,29233.0,98544.0,0.0,0.0,27.0,23.0,23.0,3.0,0.0,0.0,1.0
1691000.0,25.742663286,2.5154180926350287E-6,1691000.0,69.91028976936724,39.77780692180042,36.045244466678156,38.389660270529134,30233.0,98544.0,0.0,0.0,27.0,23.0,23.0,3.0,0.0,0.0,1.0
1692000.0,25.758898205,2.5173641977569326E-6,1692000.0,69.90715130023641,39.77120324475889,36.040302431536475,38.37537488835043,31233.0,98544.0,0.0,0.0,27.0,23.0,23.0,3.0,0.0,0.0,1.0
1693000.0,25.775313825,2.5193236062203874E-6,1693000.0,69.90543414057886,39.767452581106596,36.03797792529955,38.36482628471887,32233.0,98544.0,0.0,0.0,27.0,23.0,23.0,3.0,0.0,0.0,1.0
1694000.0,25.791647488,2.5212795196854024E-6,1694000.0,69.90383707201889,39.763865699595726,36.03526517256825,38.353262387593006,33233.0,98544.0,0.0,0.0,27.0,23.0,23.0,3.0,0.0,0.0,1.0
1695000.0,25.807973956,2.523240856387362E-6,1695000.0,69.90106194690266,39.75799850000454,36.03109064258927,38.34093128486758,34233.0,98544.0,0.0,0.0,27.0,23.0,23.0,3.0,0.0,0.0,1.0
1696000.0,25.824961512,2.525290963040006E-6,1696000.0,69.89876179245283,39.753157559595564,36.02944677651777,38.33084490572968,35233.0,103000.0,0.0,0.0,29.0,24.0,24.0,3.0,0.0,0.0,1.0
1697000.0,25.841302576,2.5272697792886977E-6,1697000.0,69.896110783736,39.74753758450683,36.02392920921403,38.32026764833366,36233.0,103056.0,0.0,0.0,29.0,24.0,24.0,3.0,0.0,0.0,1.0
1698000.0,25.857706186,2.5292476483262363E-6,1698000.0,69.89263839811542,39.740267699218165,36.016665957441475,38.307267154200744,37233.0,103064.0,0.0,0.0,29.0,24.0,24.0,3.0,0.0,0.0,1.0
1699000.0,25.874180379,2.531240369610827E-6,1699000.0,69.88940553266627,39.73346855726264,36.012232721905704,38.293124515256665,38233.0,103064.0,0.0,0.0,29.0,24.0,24.0,3.0,0.0,0.0,1.0
1700000.0,25.89046854,2.5332169259253425E-6,1700000.0,69.88664705882353,39.727535652629406,36.00632527673084,38.279438696835285,39233.0,103080.0,0.0,0.0,29.0,24.0,24.0,3.0,0.0,0.0,1.0
1701000.0,25.906778578,2.5351872593411463E-6,1701000.0,69.88348030570253,39.72081198034056,36.00034980542074,38.2646986517298,40233.0,103088.0,0.0,0.0,29.0,24.0,24.0,3.0,0.0,0.0,1.0
1702000.0,25.923110261,2.5371664944071046E-6,1702000.0,69.88137485311398,39.7163033672038,35.99814718632015,38.25496646065678,41233.0,103088.0,0.0,0.0,29.0,24.0,24.0,3.0,0.0,0.0,1.0
1703000.0,25.939396593,2.539130323741756E-6,1703000.0,69.87980035231944,39.71285664098691,35.99523346060741,38.246550538923735,42233.0,103088.0,0.0,0.0,29.0,24.0,24.0,3.0,0.0,0.0,1.0
1704000.0,25.955843974,2.5411199039608894E-6,1704000.0,69.87834507042253,39.709596452523414,35.99281206236695,38.236451435509466,43233.0,103088.0,0.0,0.0,29.0,24.0,24.0,3.0,0.0,0.0,1.0
1705000.0,25.972165606,2.54308619951513E-6,1705000.0,69.87630498533724,39.70520592064044,35.989865239591374,38.22605068598432,44233.0,103096.0,0.0,0.0,29.0,24.0,24.0,3.0,0.0,0.0,1.0
1706000.0,25.989053114,2.545146810102247E-6,1706000.0,69.87286049237984,39.698043327735995,35.984570603686976,38.21344335369769,45233.0,107568.0,0.0,0.0,31.0,25.0,25.0,4.0,0.0,0.0,1.0
1707000.0,26.005459666,2.5471553557709515E-6,1707000.0,69.87117750439367,39.69424473799358,35.98142300017801,38.20088895724763,46233.0,107640.0,0.0,0.0,31.0,25.0,25.0,4.0,0.0,0.0,1.0
1708000.0,26.02182889,2.5491497780686777E-6,1708000.0,69.87078454332553,39.69312923219412,35.98252916574402,38.19462543161688,47233.0,107640.0,0.0,0.0,31.0,25.0,25.0,4.0,0.0,0.0,1.0
1709000.0,26.039067695,2.550786912862896E-6,1709000.0,69.86746635459333,39.6858677302629,35.97534821209887,38.17939757430682,201.0,4560.0,2.0,0.0,1.0,1.0,1.0,0.0,0.0,0.0,1.0
1710000.0,26.052953296,2.5521056005872324E-6,1710000.0,69.8633918128655,39.67731269433356,35.96942452300366,38.165813951256034,1201.0,4560.0,0.0,0.0,1.0,1.0,1.0,0.0,0.0,0.0,1.0
1711000.0,26.067357201,2.5534960770806454E-6,1711000.0,69.85821157218001,39.66652249396008,35.95717281998997,38.149297693518044,2201.0,9104.0,0.0,0.0,3.0,2.0,2.0,1.0,0.0,0.0,1.0
1712000.0,26.081274859,2.554844971427027E-6,1712000.0,69.85519859813084,39.66030455032399,35.952786061686886,38.13782604526275,3201.0,9104.0,0.0,0.0,3.0,2.0,2.0,1.0,0.0,0.0,1.0
1713000.0,26.095798353,2.5562598872491876E-6,1713000.0,69.85148861646235,39.65270458085824,35.94477133586687,38.123148884777954,4201.0,13040.0,0.0,0.0,5.0,3.0,3.0,2.0,0.0,0.0,1.0
1714000.0,26.110008229,2.5576664826895702E-6,1714000.0,69.84929988331389,39.648284666563725,35.9413387808125,38.111154490082846,5201.0,17576.0,0.0,0.0,7.0,4.0,4.0,2.0,0.0,0.0,1.0
1715000.0,26.124545005,2.5590482747864137E-6,1715000.0,69.84793002915451,39.645142658431666,35.93861301995645,38.10195841847025,697.0,4560.0,1.0,0.0,1.0,1.0,1.0,0.0,0.0,0.0,1.0
1716000.0,26.139476156,2.560467368758223E-6,1716000.0,69.84201631701632,39.632808726969756,35.926471152667574,38.08388348771155,545.0,4560.0,1.0,0.0,1.0,1.0,1.0,0.0,0.0,0.0,1.0
1717000.0,26.153358504,2.561792298216664E-6,1717000.0,69.83803145020384,39.62443563358541,35.91826835627236,38.0705129968203,1545.0,4560.0,0.0,0.0,1.0,1.0,1.0,0.0,0.0,0.0,1.0
1718000.0,26.167796769,2.5631848366183344E-6,1718000.0,69.83573923166473,39.61941333916142,35.91271043594078,38.05877114870883,2545.0,9104.0,0.0,0.0,3.0,2.0,2.0,1.0,0.0,0.0,1.0
1719000.0,26.181604282,2.564521855554884E-6,1719000.0,69.83211169284468,39.61164585239242,35.90669265403635,38.044958639771764,3545.0,9104.0,0.0,0.0,3.0,2.0,2.0,1.0,0.0,0.0,1.0
1720000.0,26.196789083,2.566017193705871E-6,1720000.0,69.82988372093023,39.60663024198183,35.90237985540775,38.03136131912906,4545.0,17520.0,0.0,0.0,7.0,4.0,4.0,2.0,0.0,0.0,1.0
1721000.0,26.210866048,2.5674092633751666E-6,1721000.0,69.82736780941313,39.60133574918999,35.898246207440565,38.02117399918837,5545.0,17584.0,0.0,0.0,7.0,4.0,4.0,2.0,0.0,0.0,1.0
1722000.0,26.225048496,2.568804954566323E-6,1722000.0,69.82613240418118,39.598472570806315,35.8954872171954,38.012290314845366,6545.0,18080.0,0.0,0.0,7.0,4.0,4.0,2.0,0.0,0.0,1.0
1723000.0,26.244951388,2.571187367672768E-6,1723000.0,69.82344747533372,39.59279363474364,35.88996504380314,38.00087762392861,7545.0,98800.0,0.0,0.0,27.0,23.0,23.0,3.0,0.0,0.0,1.0
1724000.0,26.261510741,2.5731772640059007E-6,1724000.0,69.82163573085846,39.588814841622934,35.88527064912658,37.9878639648434,8545.0,99112.0,0.0,0.0,27.0,23.0,23.0,3.0,0.0,0.0,1.0
1725000.0,26.277856785,2.5751322919726814E-6,1725000.0,69.8176231884058,39.58051259967586,35.87684910468295,37.97255116871977,9545.0,99136.0,0.0,0.0,27.0,23.0,23.0,3.0,0.0,0.0,1.0
1726000.0,26.294164407,2.577089035886682E-6,1726000.0,69.81465816917729,39.57429665897277,35.86867948310796,37.95836176417702,10545.0,99144.0,0.0,0.0,27.0,23.0,23.0,3.0,0.0,0.0,1.0
1727000.0,26.310517623,2.5790425186683307E-6,1727000.0,69.81279675738274,39.57029287407984,35.86482888938645,37.94718524443429,11545.0,99144.0,0.0,0.0,27.0,23.0,23.0,3.0,0.0,0.0,1.0
1728000.0,26.326785867,2.5809921134773213E-6,1728000.0,69.8103587962963,39.565218816916584,35.86030528250621,37.936675248288054,12545.0,99144.0,0.0,0.0,27.0,23.0,23.0,3.0,0.0,0.0,1.0
1729000.0,26.343579328,2.5830113236861845E-6,1729000.0,69.80896471949104,39.56212987964235,35.856580069451454,37.927430210379626,13545.0,99144.0,0.0,0.0,27.0,23.0,23.0,3.0,0.0,0.0,1.0
1730000.0,26.360096406,2.5849880725515016E-6,1730000.0,69.80849710982659,39.56098163989123,35.855139136724766,37.92046458060215,14545.0,99144.0,0.0,0.0,27.0,23.0,23.0,3.0,0.0,0.0,1.0
1731000.0,26.376512388,2.586959041617041E-6,1731000.0,69.80647024841133,39.55673023406909,35.85219678457066,37.90919167307196,15545.0,99144.0,0.0,0.0,27.0,23.0,23.0,3.0,0.0,0.0,1.0
1732000.0,26.392850631,2.5889114120648245E-6,1732000.0,69.80386836027714,39.55150472408095,35.848346092185096,37.90116611117773,16545.0,99160.0,0.0,0.0,27.0,23.0,23.0,3.0,0.0,0.0,1.0
1733000.0,26.409268716,2.590879847350096E-6,1733000.0,69.80178880553952,39.54710276198018,35.84174947958424,37.890163257361756,17545.0,99160.0,0.0,0.0,27.0,23.0,23.0,3.0,0.0,0.0,1.0
1734000.0,26.425797714,2.592867943257727E-6,1734000.0,69.79994232987312,39.54326495033488,35.83926643902163,37.88045579963036,18545.0,99160.0,0.0,0.0,27.0,23.0,23.0,3.0,0.0,0.0,1.0
1735000.0,26.442517956,2.5948705291952695E-6,1735000.0,69.79838616714697,39.540001281059176,35.83818426266283,37.87105586409361,19545.0,99160.0,0.0,0.0,27.0,23.0,23.0,3.0,0.0,0.0,1.0
1736000.0,26.458955988,2.5968456425636018E-6,1736000.0,69.79591013824886,39.5348905257575,35.83333945210107,37.86006328438867,20545.0,99160.0,0.0,0.0,27.0,23.0,23.0,3.0,0.0,0.0,1.0
1737000.0,26.475060542,2.598770887807041E-6,1737000.0,69.79522164651698,39.53329467305313,35.830957526568056,37.85069202594683,21545.0,99160.0,0.0,0.0,27.0,23.0,23.0,3.0,0.0,0.0,1.0
1738000.0,26.491802973,2.6007953622026997E-6,1738000.0,69.79292289988493,39.52846526460842,35.82750890471406,37.838970658754235,22545.0,102952.0,0.0,0.0,29.0,24.0,24.0,3.0,0.0,0.0,1.0
1739000.0,26.50803251,2.6027644350619187E-6,1739000.0,69.79131684876366,39.525031548695594,35.822864759010024,37.82735587346974,23545.0,103040.0,0.0,0.0,29.0,24.0,24.0,3.0,0.0,0.0,1.0
1740000.0,26.52431136,2.6047306302139565E-6,1740000.0,69.78959770114943,39.5213855703324,35.81743301966157,37.8166181654719,24545.0,103096.0,0.0,0.0,29.0,24.0,24.0,3.0,0.0,0.0,1.0
1741000.0,26.540617246,2.606706570210232E-6,1741000.0,69.78862722573234,39.519274771687435,35.81656996076851,37.809486423980445,25545.0,103096.0,0.0,0.0,29.0,24.0,24.0,3.0,0.0,0.0,1.0
1742000.0,26.557009164,2.6086843864744808E-6,1742000.0,69.78880597014926,39.51943196237382,35.81673807232766,37.803696236400306,26545.0,103096.0,0.0,0.0,29.0,24.0,24.0,3.0,0.0,0.0,1.0
1743000.0,26.5732098,2.610645359413366E-6,1743000.0,69.78777969018934,39.517126272025536,35.816693298036114,37.794402194328484,27545.0,103096.0,0.0,0.0,29.0,24.0,24.0,3.0,0.0,0.0,1.0
1744000.0,26.589973885,2.6122365783185895E-6,1744000.0,69.78704128440367,39.51531715733134,35.81538124212027,37.78695579791511,225.0,4560.0,1.0,0.0,1.0,1.0,1.0,0.0,0.0,0.0,1.0
1745000.0,26.604247373,2.613594938781937E-6,1745000.0,69.78206303724929,39.50486899962568,35.80568700185168,37.77026939313081,809.0,4560.0,1.0,0.0,1.0,1.0,1.0,0.0,0.0,0.0,1.0
1746000.0,26.618106476,2.6149191986161086E-6,1746000.0,69.77840778923253,39.49699404780354,35.79755269302321,37.755577496322566,1809.0,4560.0,0.0,0.0,1.0,1.0,1.0,0.0,0.0,0.0,1.0
1747000.0,26.632305678,2.616286387759061E-6,1747000.0,69.7746422438466,39.4888204437483,35.790746003314815,37.74081004377882,2809.0,9104.0,0.0,0.0,3.0,2.0,2.0,1.0,0.0,0.0,1.0
1748000.0,26.646758873,2.617698283662499E-6,1748000.0,69.77219679633868,39.4833892192464,35.786508387899644,37.72935387878966,3809.0,13008.0,0.0,0.0,5.0,3.0,3.0,2.0,0.0,0.0,1.0
1749000.0,26.666543376,2.6200371260713546E-6,1749000.0,69.77061177815895,39.47973320603315,35.783629630439364,37.71960203646508,4809.0,94136.0,0.0,0.0,25.0,22.0,22.0,2.0,0.0,0.0,1.0
1750000.0,26.682740624,2.621959976759918E-6,1750000.0,69.7656,39.46937569000652,35.77393871417267,37.703161573204106,5809.0,94576.0,0.0,0.0,25.0,22.0,22.0,2.0,0.0,0.0,1.0
1751000.0,26.69875155,2.6238670373308334E-6,1751000.0,69.76087949743004,39.45977589114161,35.763852662074385,37.689305009808734,6809.0,94616.0,0.0,0.0,25.0,22.0,22.0,2.0,0.0,0.0,1.0
1752000.0,26.714663804,2.625753848605198E-6,1752000.0,69.75833333333334,39.45428143029391,35.75963179948785,37.67692653336329,7809.0,94616.0,0.0,0.0,25.0,22.0,22.0,2.0,0.0,0.0,1.0
1753000.0,26.730580731,2.6276475717454596E-6,1753000.0,69.75407872219053,39.445395487425415,35.75193636883584,37.661252016385035,8809.0,94624.0,0.0,0.0,25.0,22.0,22.0,2.0,0.0,0.0,1.0
1754000.0,26.746693488,2.6295553900560994E-6,1754000.0,69.74749144811858,39.43180081672594,35.737806170335155,37.6393811757848,9809.0,94624.0,0.0,0.0,25.0,22.0,22.0,2.0,0.0,0.0,1.0
1755000.0,26.763126878,2.6315074986434033E-6,1755000.0,69.74319088319089,39.42281617699398,35.7292336144991,37.62464628002288,10809.0,94624.0,0.0,0.0,25.0,22.0,22.0,2.0,0.0,0.0,1.0
1756000.0,26.77915692,2.6334178645719595E-6,1756000.0,69.74048974943052,39.416983447547565,35.72382475401546,37.61240714192623,11809.0,94624.0,0.0,0.0,25.0,22.0,22.0,2.0,0.0,0.0,1.0
1757000.0,26.795284197,2.6353306063138264E-6,1757000.0,69.73557199772338,39.406720190201156,35.715261499105985,37.59604179306961,12809.0,94624.0,0.0,0.0,25.0,22.0,22.0,2.0,0.0,0.0,1.0
1758000.0,26.811433081,2.6372521271674735E-6,1758000.0,69.73225255972696,39.39971032008086,35.70993613365776,37.58385482953378,13809.0,94624.0,0.0,0.0,25.0,22.0,22.0,2.0,0.0,0.0,1.0
1759000.0,26.827837128,2.6391950465396672E-6,1759000.0,69.72893689596361,39.39273417673165,35.705315829638415,37.572045602697514,14809.0,94624.0,0.0,0.0,25.0,22.0,22.0,2.0,0.0,0.0,1.0
1760000.0,26.844391597,2.641162154701653E-6,1760000.0,69.72642045454546,39.38745534194098,35.70215780283275,37.563863994300284,15809.0,94624.0,0.0,0.0,25.0,22.0,22.0,2.0,0.0,0.0,1.0
1761000.0,26.860766188,2.643098738590463E-6,1761000.0,69.72396365701307,39.382275709852905,35.69710784668453,37.55310190060005,16809.0,94624.0,0.0,0.0,25.0,22.0,22.0,2.0,0.0,0.0,1.0
1762000.0,26.876861533,2.645008492569119E-6,1762000.0,69.72139614074915,39.376945521447254,35.692210149731565,37.54211592268699,17809.0,94624.0,0.0,0.0,25.0,22.0,22.0,2.0,0.0,0.0,1.0
1763000.0,26.89378123,2.6470395895198946E-6,1763000.0,69.71922858763472,39.372276390991026,35.68606947133311,37.53042444440285,18809.0,98488.0,0.0,0.0,27.0,23.0,23.0,3.0,0.0,0.0,1.0
1764000.0,26.910226673,2.649007050426355E-6,1764000.0,69.71530612244898,39.36420578478981,35.68038489044926,37.517017782705736,19809.0,98976.0,0.0,0.0,27.0,23.0,23.0,3.0,0.0,0.0,1.0
1765000.0,26.926765724,2.6509923164424246E-6,1765000.0,69.71155807365439,39.35647774157091,35.67204948016942,37.50302494660312,20809.0,98984.0,0.0,0.0,27.0,23.0,23.0,3.0,0.0,0.0,1.0
1766000.0,26.943549187,2.6529974377718886E-6,1766000.0,69.70815402038505,39.34935139054079,35.665528189339994,37.489234954351524,21809.0,99008.0,0.0,0.0,27.0,23.0,23.0,3.0,0.0,0.0,1.0
1767000.0,26.96044439,2.654605927542751E-6,1767000.0,69.70684776457273,39.346421683550886,35.66361619323031,37.48043635684085,153.0,4560.0,1.0,0.0,1.0,1.0,1.0,0.0,0.0,0.0,1.0
1768000.0,26.974301181,2.655930482667253E-6,1768000.0,69.7024886877828,39.337105047715596,35.65506521462326,37.4650498437385,1153.0,4560.0,0.0,0.0,1.0,1.0,1.0,0.0,0.0,0.0,1.0
1769000.0,26.988589999,2.6572917215023383E-6,1769000.0,69.6984737139627,39.32854143720148,35.64739892720454,37.449866797671326,969.0,4560.0,1.0,0.0,1.0,1.0,1.0,0.0,0.0,0.0,1.0
1770000.0,27.002426921,2.6586152364805824E-6,1770000.0,69.69514124293785,39.32122421019221,35.642339593574256,37.43551342568779,1969.0,4560.0,0.0,0.0,1.0,1.0,1.0,0.0,0.0,0.0,1.0
1771000.0,27.016749652,2.65999414192397E-6,1771000.0,69.69136081309995,39.31294602081803,35.63378001618851,37.419948305229994,2969.0,9104.0,0.0,0.0,3.0,2.0,2.0,1.0,0.0,0.0,1.0
1772000.0,27.031163201,2.6614043425269162E-6,1772000.0,69.68871331828443,39.306901988789214,35.62847555129435,37.40731115832064,3969.0,13640.0,0.0,0.0,5.0,3.0,3.0,2.0,0.0,0.0,1.0
1773000.0,27.051406662,2.663830664573362E-6,1773000.0,69.68561759729272,39.30039265117933,35.62036818546065,37.39499322086019,4969.0,97096.0,0.0,0.0,27.0,23.0,23.0,3.0,0.0,0.0,1.0
1774000.0,27.067865923,2.6658021971617665E-6,1774000.0,69.68291995490418,39.294592435465916,35.615651205803665,37.38204375601789,5969.0,99112.0,0.0,0.0,27.0,23.0,23.0,3.0,0.0,0.0,1.0
1775000.0,27.084063122,2.6677487084352106E-6,1775000.0,69.6816338028169,39.29183589670045,35.6133915282384,37.37427456584504,6969.0,99144.0,0.0,0.0,27.0,23.0,23.0,3.0,0.0,0.0,1.0
1776000.0,27.100270957,2.66968730688953E-6,1776000.0,69.67837837837838,39.28497961147488,35.60571727175218,37.35938163397059,7969.0,99160.0,0.0,0.0,27.0,23.0,23.0,3.0,0.0,0.0,1.0
1777000.0,27.116453754,2.671629374538418E-6,1777000.0,69.67670230725943,39.28140260918439,35.60193656101471,37.350233870602075,8969.0,99168.0,0.0,0.0,27.0,23.0,23.0,3.0,0.0,0.0,1.0
1778000.0,27.132761195,2.6735768829916315E-6,1778000.0,69.67390326209224,39.27553899817385,35.596386599889875,37.33906177912634,9969.0,99168.0,0.0,0.0,27.0,23.0,23.0,3.0,0.0,0.0,1.0
1779000.0,27.149255175,2.6755530180795553E-6,1779000.0,69.67093872962339,39.26947860895294,35.59479032502576,37.328643809107874,10969.0,99168.0,0.0,0.0,27.0,23.0,23.0,3.0,0.0,0.0,1.0
1780000.0,27.165727254,2.6775328700920257E-6,1780000.0,69.66814606741572,39.26354955114043,35.58732999284179,37.31581898798694,11969.0,99168.0,0.0,0.0,27.0,23.0,23.0,3.0,0.0,0.0,1.0
1781000.0,27.182072664,2.6794897842869474E-6,1781000.0,69.66619876473891,39.25944818651451,35.581819894521324,37.30583777699123,12969.0,99168.0,0.0,0.0,27.0,23.0,23.0,3.0,0.0,0.0,1.0
1782000.0,27.198362804,2.681446352251485E-6,1782000.0,69.66470258136926,39.25626808142433,35.57926524074878,37.29679382264822,13969.0,99168.0,0.0,0.0,27.0,23.0,23.0,3.0,0.0,0.0,1.0
1783000.0,27.214670228,2.6833944661733657E-6,1783000.0,69.6619742007852,39.25061079035825,35.574246706518366,37.28491678405593,14969.0,99168.0,0.0,0.0,27.0,23.0,23.0,3.0,0.0,0.0,1.0
1784000.0,27.230959138,2.685346638741392E-6,1784000.0,69.65992152466369,39.246487132422146,35.571199177241795,37.27713077235067,15969.0,99168.0,0.0,0.0,27.0,23.0,23.0,3.0,0.0,0.0,1.0
1785000.0,27.24754648,2.6873411686257006E-6,1785000.0,69.6589355742297,39.244407424047075,35.57102868556515,37.2690829106586,16969.0,99168.0,0.0,0.0,27.0,23.0,23.0,3.0,0.0,0.0,1.0
1786000.0,27.26468039,2.689408902235563E-6,1786000.0,69.6573908174692,39.24110731998029,35.568443792898854,37.26111958174002,17969.0,102896.0,0.0,0.0,29.0,24.0,24.0,3.0,0.0,0.0,1.0
1787000.0,27.281140344,2.6914044659606143E-6,1787000.0,69.65607162842753,39.23830072328979,35.568480902107325,37.25290073677035,18969.0,103560.0,0.0,0.0,29.0,24.0,24.0,3.0,0.0,0.0,1.0
1788000.0,27.297645847,2.6933964654037007E-6,1788000.0,69.65374720357941,39.233394151570394,35.56194219955228,37.24086559537152,19969.0,103640.0,0.0,0.0,29.0,24.0,24.0,3.0,0.0,0.0,1.0
1789000.0,27.314978071,2.695043332914178E-6,1789000.0,69.65075461151481,39.22677653052477,35.555515991003006,37.22854236034035,553.0,4560.0,2.0,0.0,1.0,1.0,1.0,0.0,0.0,0.0,1.0
1790000.0,27.329382843,2.696414366113119E-6,1790000.0,69.64793296089385,39.22043478833895,35.549605742505435,37.21563397762283,817.0,4560.0,1.0,0.0,1.0,1.0,1.0,0.0,0.0,0.0,1.0
1791000.0,27.34381945,2.697807073263323E-6,1791000.0,69.64338358458961,39.210551035283814,35.54124948871618,37.200026797760074,1817.0,9096.0,0.0,0.0,3.0,2.0,2.0,1.0,0.0,0.0,1.0
1792000.0,27.357728304,2.699154250753915E-6,1792000.0,69.63962053571429,39.20254129439385,35.53272846412435,37.18677553131551,2817.0,9104.0,0.0,0.0,3.0,2.0,2.0,1.0,0.0,0.0,1.0
1793000.0,27.372270806,2.700571530037079E-6,1793000.0,69.63892916899051,39.2006625596912,35.531951933245615,37.180173651340226,3817.0,13608.0,0.0,0.0,5.0,3.0,3.0,2.0,0.0,0.0,1.0
1794000.0,27.386816839,2.701959982131527E-6,1794000.0,69.63634336677815,39.19509081609704,35.52837301235051,37.16900412587792,529.0,4560.0,1.0,0.0,1.0,1.0,1.0,0.0,0.0,0.0,1.0
1795000.0,27.400793011,2.703285882794441E-6,1795000.0,69.63398328690808,39.19005028088285,35.523288481443146,37.157798983816456,1529.0,4560.0,0.0,0.0,1.0,1.0,1.0,0.0,0.0,0.0,1.0
1796000.0,27.415152804,2.7046706744323733E-6,1796000.0,69.63090200445434,39.18341745590716,35.518121116396955,37.14525082367149,2529.0,9104.0,0.0,0.0,3.0,2.0,2.0,1.0,0.0,0.0,1.0
1797000.0,27.429703941,2.7060942762142483E-6,1797000.0,69.62676683361157,39.17452025973019,35.51079099289422,37.12958419436362,3529.0,12952.0,0.0,0.0,5.0,3.0,3.0,2.0,0.0,0.0,1.0
1798000.0,27.444326188,2.707537151750848E-6,1798000.0,69.62308120133481,39.16652367124696,35.50494715126981,37.11637299781705,4529.0,18008.0,0.0,0.0,7.0,4.0,4.0,2.0,0.0,0.0,1.0
1799000.0,27.458552597,2.7089470914434788E-6,1799000.0,69.61912173429683,39.15852528707305,35.497073745853136,37.10332256193553,5529.0,18184.0,0.0,0.0,7.0,4.0,4.0,2.0,0.0,0.0,1.0
1800000.0,27.472558206,2.7103264524377677E-6,1800000.0,69.61872222222222,39.15714156831419,35.494703814668895,37.094679545357806,6529.0,18184.0,0.0,0.0,7.0,4.0,4.0,2.0,0.0,0.0,1.0
1801000.0,27.492461333,2.7127107472972967E-6,1801000.0,69.6164353137146,39.152238545548016,35.493195173848704,37.08495591297338,7529.0,98920.0,0.0,0.0,27.0,23.0,23.0,3.0,0.0,0.0,1.0
1802000.0,27.508964357,2.71469500182121E-6,1802000.0,69.61431742508324,39.14779231997714,35.489381756060205,37.07573091787495,8529.0,99136.0,0.0,0.0,27.0,23.0,23.0,3.0,0.0,0.0,1.0
1803000.0,27.528147231,2.716990354015221E-6,1803000.0,69.6118136439268,39.142609471901515,35.484292592631846,37.063831106996275,9529.0,99152.0,0.0,0.0,27.0,23.0,23.0,3.0,0.0,0.0,1.0
1804000.0,27.549478386,2.7195510171214826E-6,1804000.0,69.60953436807095,39.1379565177983,35.479452054794535,37.05370213244758,10529.0,99160.0,0.0,0.0,27.0,23.0,23.0,3.0,0.0,0.0,1.0
1805000.0,27.565657441,2.721484967803208E-6,1805000.0,69.60875346260387,39.13625686850753,35.47794441967882,37.046897916183724,11529.0,99160.0,0.0,0.0,27.0,23.0,23.0,3.0,0.0,0.0,1.0
1806000.0,27.581935792,2.7234370540515254E-6,1806000.0,69.60730897009967,39.133375235965666,35.476924053504746,37.04045688487377,12529.0,99160.0,0.0,0.0,27.0,23.0,23.0,3.0,0.0,0.0,1.0
1807000.0,27.598551162,2.7254359513679357E-6,1807000.0,69.60570005534035,39.130028087678575,35.472065211133746,37.03021311528039,13529.0,99160.0,0.0,0.0,27.0,23.0,23.0,3.0,0.0,0.0,1.0
1808000.0,27.614804071,2.727382766583386E-6,1808000.0,69.60370575221239,39.12595311552967,35.46638953962857,37.02141362468514,14529.0,99160.0,0.0,0.0,27.0,23.0,23.0,3.0,0.0,0.0,1.0
1809000.0,27.630953054,2.7293235503047336E-6,1809000.0,69.60276395798783,39.12397538478914,35.46635809278809,37.0136445275273,15529.0,99160.0,0.0,0.0,27.0,23.0,23.0,3.0,0.0,0.0,1.0
1810000.0,27.647123959,2.731257330000126E-6,1810000.0,69.60038674033149,39.11918267561404,35.46176321212711,37.00369917921956,16529.0,99160.0,0.0,0.0,27.0,23.0,23.0,3.0,0.0,0.0,1.0
1811000.0,27.663278805,2.7331954080519356E-6,1811000.0,69.59784649364991,39.11409095717765,35.45924288283134,36.993708331139985,17529.0,99160.0,0.0,0.0,27.0,23.0,23.0,3.0,0.0,0.0,1.0
1812000.0,27.679700072,2.735156476135987E-6,1812000.0,69.59613686534216,39.110582235164564,35.456592491230865,36.98587518601083,18529.0,99160.0,0.0,0.0,27.0,23.0,23.0,3.0,0.0,0.0,1.0
1813000.0,27.696170211,2.737129925279682E-6,1813000.0,69.59404302261444,39.10623422162715,35.45244526876469,36.97508774737901,19529.0,99160.0,0.0,0.0,27.0,23.0,23.0,3.0,0.0,0.0,1.0
1814000.0,27.712411353,2.73908218801675E-6,1814000.0,69.59189636163175,39.101842710466855,35.44841225724534,36.963403317745694,20529.0,99160.0,0.0,0.0,27.0,23.0,23.0,3.0,0.0,0.0,1.0
1815000.0,27.729280361,2.74111529971998E-6,1815000.0,69.59041322314049,39.09874564182483,35.44759928749953,36.954036052439484,21529.0,102480.0,0.0,0.0,29.0,24.0,24.0,3.0,0.0,0.0,1.0
1816000.0,27.745618405,2.7430923977303032E-6,1816000.0,69.58992290748898,39.09756750269358,35.44692943133375,36.94536453141788,22529.0,102880.0,0.0,0.0,29.0,24.0,24.0,3.0,0.0,0.0,1.0
1817000.0,27.762026911,2.745068242250547E-6,1817000.0,69.58948816730876,39.096721982184796,35.44652797816749,36.94034109065015,23529.0,102880.0,0.0,0.0,29.0,24.0,24.0,3.0,0.0,0.0,1.0
1818000.0,27.778378726,2.7470444008966062E-6,1818000.0,69.5876787678768,39.093000934658576,35.44290643298753,36.92973700570935,24529.0,103080.0,0.0,0.0,29.0,24.0,24.0,3.0,0.0,0.0,1.0
1819000.0,27.795082006,2.7490694648583504E-6,1819000.0,69.58532160527763,39.08821986714365,35.43721780776677,36.91922480072152,25529.0,103080.0,0.0,0.0,29.0,24.0,24.0,3.0,0.0,0.0,1.0
1820000.0,27.811492506,2.751051391169365E-6,1820000.0,69.58423076923077,39.085948674618606,35.43602525329692,36.911055925255205,26529.0,103104.0,0.0,0.0,29.0,24.0,24.0,3.0,0.0,0.0,1.0
1821000.0,27.836307047,2.7540581494037808E-6,1821000.0,69.58275672707303,39.082884558336076,35.432588067983126,36.902240838602886,27529.0,103104.0,0.0,0.0,29.0,24.0,24.0,3.0,0.0,0.0,1.0
1822000.0,27.854836994,2.756293744251672E-6,1822000.0,69.58150384193195,39.08032134333996,35.431576519217614,36.89367371105848,28529.0,103104.0,0.0,0.0,29.0,24.0,24.0,3.0,0.0,0.0,1.0
1823000.0,27.871173073,2.758270942566006E-6,1823000.0,69.5809105869446,39.07906787264871,35.43203853538524,36.887988527985804,29529.0,103104.0,0.0,0.0,29.0,24.0,24.0,3.0,0.0,0.0,1.0
1824000.0,27.887662431,2.76027304016146E-6,1824000.0,69.57933114035087,39.075723254055674,35.42905287069005,36.8765272551045,30529.0,103104.0,0.0,0.0,29.0,24.0,24.0,3.0,0.0,0.0,1.0
1825000.0,27.904181742,2.76226810777736E-6,1825000.0,69.57709589041096,39.0711998344543,35.42332291595186,36.86593657006208,31529.0,103104.0,0.0,0.0,29.0,24.0,24.0,3.0,0.0,0.0,1.0
1826000.0,27.920724051,2.764272320810747E-6,1826000.0,69.57579408543265,39.06842197312912,35.420626257624214,36.85649824110751,32529.0,103104.0,0.0,0.0,29.0,24.0,24.0,3.0,0.0,0.0,1.0
1827000.0,27.937103909,2.766248105641939E-6,1827000.0,69.57394636015326,39.06458625924155,35.41932178461102,36.846793113046246,33529.0,103104.0,0.0,0.0,29.0,24.0,24.0,3.0,0.0,0.0,1.0
1828000.0,27.953454329,2.7682266336178906E-6,1828000.0,69.5730853391685,39.06271211747613,35.41793422476535,36.838710483313264,34529.0,103104.0,0.0,0.0,29.0,24.0,24.0,3.0,0.0,0.0,1.0
1829000.0,27.970413906,2.770289544618037E-6,1829000.0,69.57058501913615,39.057584836633914,35.411117958144914,36.827373283920075,35529.0,107624.0,0.0,0.0,31.0,25.0,25.0,3.0,0.0,0.0,1.0
1830000.0,27.98676375,2.772284583381545E-6,1830000.0,69.56939890710383,39.05514991530354,35.41023916119605,36.8202745109607,36529.0,107624.0,0.0,0.0,31.0,25.0,25.0,3.0,0.0,0.0,1.0
1831000.0,28.003250275,2.7743026807715516E-6,1831000.0,69.56919716002184,39.05469753738803,35.41137303633362,36.81672827886512,37529.0,107632.0,0.0,0.0,31.0,25.0,25.0,3.0,0.0,0.0,1.0
1832000.0,28.019616135,2.776296862554718E-6,1832000.0,69.5664847161572,39.04907828868643,35.406428053394876,36.80517852467361,38529.0,107632.0,0.0,0.0,31.0,25.0,25.0,3.0,0.0,0.0,1.0
1833000.0,28.036307687,2.7778847203319295E-6,1833000.0,69.56693944353519,39.04962005764921,35.40760605260599,36.79942264574627,137.0,4560.0,1.0,0.0,1.0,1.0,1.0,0.0,0.0,0.0,1.0
1834000.0,28.050556111,2.779237510766671E-6,1834000.0,69.56308615049073,39.04111693643449,35.40150926889218,36.785011760522465,881.0,4560.0,1.0,0.0,1.0,1.0,1.0,0.0,0.0,0.0,1.0
1835000.0,28.064897895,2.7806216342465938E-6,1835000.0,69.5599455040872,39.03428839314562,35.395802274086265,36.77215677041358,1881.0,9104.0,0.0,0.0,3.0,2.0,2.0,1.0,0.0,0.0,1.0
1836000.0,28.078727281,2.7819616298463556E-6,1836000.0,69.55844226579521,39.03077871143946,35.395511148151535,36.76413850844889,2881.0,9104.0,0.0,0.0,3.0,2.0,2.0,1.0,0.0,0.0,1.0
1837000.0,28.09363961,2.7833791201040114E-6,1837000.0,69.55813826891671,39.02962445793644,35.394701879642795,36.75725680500408,105.0,4560.0,1.0,0.0,1.0,1.0,1.0,0.0,0.0,0.0,1.0
1838000.0,28.107982723,2.784744462762511E-6,1838000.0,69.55462459194777,39.02207784153001,35.38782706689651,36.743711799130246,785.0,4560.0,1.0,0.0,1.0,1.0,1.0,0.0,0.0,0.0,1.0
1839000.0,28.12186762,2.786063428464524E-6,1839000.0,69.55280043501904,39.017811706028425,35.384388134040215,36.733324143354636,1785.0,4560.0,0.0,0.0,1.0,1.0,1.0,0.0,0.0,0.0,1.0
1840000.0,28.136213298,2.7874486403113524E-6,1840000.0,69.54896739130434,39.009243819528955,35.375642006023014,36.71912411792876,2785.0,9104.0,0.0,0.0,3.0,2.0,2.0,1.0,0.0,0.0,1.0
1841000.0,28.150770519,2.78887491612957E-6,1841000.0,69.54807170016295,39.00654518899675,35.37432218082554,36.7098182080915,3785.0,13024.0,0.0,0.0,5.0,3.0,3.0,2.0,0.0,0.0,1.0
1842000.0,28.165278175,2.7903076251557247E-6,1842000.0,69.5442453854506,38.99842771966753,35.3660377184584,36.696569623109916,4785.0,18120.0,0.0,0.0,7.0,4.0,4.0,2.0,0.0,0.0,1.0
1843000.0,28.17925511,2.791693418711346E-6,1843000.0,69.5417254476397,38.99336785158931,35.361642299246576,36.6858973274457,5785.0,18152.0,0.0,0.0,7.0,4.0,4.0,2.0,0.0,0.0,1.0
1844000.0,28.193920242,2.7931530609795332E-6,1844000.0,69.54083514099783,38.99129036329892,35.36174576120992,36.677760265524824,6785.0,21816.0,0.0,0.0,9.0,5.0,5.0,3.0,0.0,0.0,1.0
1845000.0,28.207919219,2.7945552364264414E-6,1845000.0,69.5380487804878,38.98548864383945,35.356039074640016,36.66618586023408,7785.0,22720.0,0.0,0.0,9.0,5.0,5.0,3.0,0.0,0.0,1.0
1846000.0,28.221674023,2.7959382781773627E-6,1846000.0,69.53705308775731,38.983705942684935,35.35376062500431,36.65898106232549,8785.0,22728.0,0.0,0.0,9.0,5.0,5.0,3.0,0.0,0.0,1.0
1847000.0,28.236220829,2.7973217462227356E-6,1847000.0,69.53622089875473,38.98185407049404,35.353017749983636,36.650123622476336,153.0,4560.0,1.0,0.0,1.0,1.0,1.0,0.0,0.0,0.0,1.0
1848000.0,28.250372857,2.7986688992105617E-6,1848000.0,69.53111471861472,38.971147132719764,35.34476324332021,36.63552074975271,801.0,4560.0,1.0,0.0,1.0,1.0,1.0,0.0,0.0,0.0,1.0
1849000.0,28.264609568,2.8000399946014983E-6,1849000.0,69.52844780962683,38.965621600606816,35.34123733464314,36.62513807245233,1801.0,9088.0,0.0,0.0,3.0,2.0,2.0,1.0,0.0,0.0,1.0
1850000.0,28.278936629,2.8014006068981157E-6,1850000.0,69.52427027027028,38.95681653375567,35.33494900095083,36.61197332266,369.0,4560.0,2.0,0.0,1.0,1.0,1.0,0.0,0.0,0.0,1.0
1851000.0,28.292803098,2.802717649883461E-6,1851000.0,69.5204754186926,38.948453000168,35.32754290378158,36.5978975948431,1369.0,4560.0,0.0,0.0,1.0,1.0,1.0,0.0,0.0,0.0,1.0
1852000.0,28.306898215,2.8040616607910816E-6,1852000.0,69.51679265658748,38.94022500493665,35.32059639659872,36.583774044402126,929.0,4560.0,1.0,0.0,1.0,1.0,1.0,0.0,0.0,0.0,1.0
1853000.0,28.32081504,2.8053942010809428E-6,1853000.0,69.5138694009714,38.93384013330245,35.31459403011052,36.57344251214564,1929.0,4560.0,0.0,0.0,1.0,1.0,1.0,0.0,0.0,0.0,1.0
1854000.0,28.335024066,2.806763688866615E-6,1854000.0,69.50992448759439,38.925025400564124,35.306275664119894,36.559706953129556,2929.0,9088.0,0.0,0.0,3.0,2.0,2.0,1.0,0.0,0.0,1.0
1855000.0,28.348888656,2.808105345202617E-6,1855000.0,69.50873315363881,38.92219404775423,35.30550176544665,36.55241652785022,3929.0,9096.0,0.0,0.0,3.0,2.0,2.0,1.0,0.0,0.0,1.0
1856000.0,28.370104813,2.8106114559386306E-6,1856000.0,69.50538793103448,38.91510353599661,35.29727152899322,36.5402210182627,4929.0,93776.0,0.0,0.0,25.0,22.0,22.0,2.0,0.0,0.0,1.0
1857000.0,28.386418417,2.812548153552178E-6,1857000.0,69.50183091007001,38.907754313224004,35.291550269356236,36.528868751099694,5929.0,94536.0,0.0,0.0,25.0,22.0,22.0,2.0,0.0,0.0,1.0
1858000.0,28.402530614,2.814467409890266E-6,1858000.0,69.49666307857912,38.89713943405855,35.28019266850214,36.51160654474249,6929.0,94600.0,0.0,0.0,25.0,22.0,22.0,2.0,0.0,0.0,1.0
1859000.0,28.418703027,2.8163840321895926E-6,1859000.0,69.49354491662184,38.890771698019805,35.274366199755086,36.50053409353019,7929.0,94608.0,0.0,0.0,25.0,22.0,22.0,2.0,0.0,0.0,1.0
1860000.0,28.434843877,2.8183031606715123E-6,1860000.0,69.49069892473119,38.88475365466969,35.26882112926206,36.48782802659692,8929.0,94616.0,0.0,0.0,25.0,22.0,22.0,2.0,0.0,0.0,1.0
1861000.0,28.451425792,2.8202657056332515E-6,1861000.0,69.48919935518538,38.88140029625619,35.26642748103787,36.479350973048206,9929.0,94624.0,0.0,0.0,25.0,22.0,22.0,2.0,0.0,0.0,1.0
1862000.0,28.467711462,2.8221994577679217E-6,1862000.0,69.4858754027927,38.87444468781478,35.26023613703332,36.46793222476795,10929.0,94624.0,0.0,0.0,25.0,22.0,22.0,2.0,0.0,0.0,1.0
1863000.0,28.483737042,2.8241084959424468E-6,1863000.0,69.4833064949007,38.868953101538786,35.254023804019425,36.45631333819902,11929.0,94624.0,0.0,0.0,25.0,22.0,22.0,2.0,0.0,0.0,1.0
1864000.0,28.499668153,2.825997774002088E-6,1864000.0,69.48025751072961,38.86252307128229,35.247235798823986,36.44377015151481,12929.0,94624.0,0.0,0.0,25.0,22.0,22.0,2.0,0.0,0.0,1.0
1865000.0,28.515649136,2.827899316678119E-6,1865000.0,69.476836461126,38.85534045776365,35.23862722367397,36.431379117811275,13929.0,94624.0,0.0,0.0,25.0,22.0,22.0,2.0,0.0,0.0,1.0
1866000.0,28.531718868,2.829802439743609E-6,1866000.0,69.4750803858521,38.85134296096522,35.234657039711195,36.4209692092177,14929.0,94624.0,0.0,0.0,25.0,22.0,22.0,2.0,0.0,0.0,1.0
1867000.0,28.54812035,2.8317511653416206E-6,1867000.0,69.47209426888055,38.84486218682651,35.227856444757606,36.40778919674605,15929.0,94624.0,0.0,0.0,25.0,22.0,22.0,2.0,0.0,0.0,1.0
1868000.0,28.564250998,2.8336594995861267E-6,1868000.0,69.4683618843683,38.8369547282843,35.22197449227034,36.394264977148694,16929.0,94624.0,0.0,0.0,25.0,22.0,22.0,2.0,0.0,0.0,1.0
1869000.0,28.58020887,2.835553734676707E-6,1869000.0,69.46672017121456,38.83334824567659,35.218687884047576,36.385667610105315,17929.0,94624.0,0.0,0.0,25.0,22.0,22.0,2.0,0.0,0.0,1.0
1870000.0,28.597535908,2.837203767159529E-6,1870000.0,69.4655614973262,38.83062133851981,35.214441317963136,36.37652124110542,273.0,4560.0,1.0,0.0,1.0,1.0,1.0,0.0,0.0,0.0,1.0
1871000.0,28.611379997,2.8385210912348657E-6,1871000.0,69.46280064136825,38.824922646034246,35.210029812292554,36.36560061924676,1273.0,4560.0,0.0,0.0,1.0,1.0,1.0,0.0,0.0,0.0,1.0
1872000.0,28.626310224,2.839947327913275E-6,1872000.0,69.45865384615385,38.81611443270035,35.200399859006644,36.35059086784934,641.0,4560.0,1.0,0.0,1.0,1.0,1.0,0.0,0.0,0.0,1.0
1873000.0,28.640217306,2.841268401031289E-6,1873000.0,69.45397757608114,38.80619840555974,35.192290047541526,36.33646498782092,1641.0,4560.0,0.0,0.0,1.0,1.0,1.0,0.0,0.0,0.0,1.0
1874000.0,28.654425422,2.842640300551605E-6,1874000.0,69.44978655282817,38.79723379922133,35.18359389594025,36.32165344740715,2641.0,9096.0,0.0,0.0,3.0,2.0,2.0,1.0,0.0,0.0,1.0
1875000.0,28.668233682,2.8439789350155013E-6,1875000.0,69.44789333333333,38.79279844861087,35.179405940594066,36.30993610447425,3641.0,9104.0,0.0,0.0,3.0,2.0,2.0,1.0,0.0,0.0,1.0
1876000.0,28.686356402,2.84596001117425E-6,1876000.0,69.44434968017057,38.78515442999604,35.17215640815405,36.29570358516148,4641.0,59120.0,0.0,0.0,25.0,22.0,22.0,3.0,0.0,0.0,1.0
1877000.0,28.704304281,2.848115128847638E-6,1877000.0,69.44134256792755,38.77871824942598,35.16443270885,36.28337262028808,5641.0,99048.0,0.0,0.0,27.0,23.0,23.0,3.0,0.0,0.0,1.0
1878000.0,28.720675352,2.8500718287217266E-6,1878000.0,69.43817891373803,38.77192709422234,35.159015191483654,36.26958711603035,6641.0,99112.0,0.0,0.0,27.0,23.0,23.0,3.0,0.0,0.0,1.0
1879000.0,28.73772998,2.851691472595026E-6,1879000.0,69.43464608834486,38.76404000246335,35.15244718291968,36.25546074479231,313.0,4560.0,2.0,0.0,1.0,1.0,1.0,0.0,0.0,0.0,1.0
1880000.0,28.751571882,2.8530113387068302E-6,1880000.0,69.43074468085106,38.75554522983287,35.144291318145086,36.24205524633867,1313.0,4560.0,0.0,0.0,1.0,1.0,1.0,0.0,0.0,0.0,1.0
1881000.0,28.765857663,2.85437033686736E-6,1881000.0,69.4290802764487,38.75185971213476,35.14066190387031,36.23452128679988,361.0,4560.0,1.0,0.0,1.0,1.0,1.0,0.0,0.0,0.0,1.0
1882000.0,28.779706878,2.8556931359635858E-6,1882000.0,69.42555791710946,38.74432406788708,35.133821981029776,36.22191335035823,1361.0,4560.0,0.0,0.0,1.0,1.0,1.0,0.0,0.0,0.0,1.0
1883000.0,28.794071121,2.857076037929897E-6,1883000.0,69.42299522039299,38.738554157017205,35.13011382777001,36.21116959576163,2361.0,9104.0,0.0,0.0,3.0,2.0,2.0,1.0,0.0,0.0,1.0
1884000.0,28.808646268,2.8585016870676793E-6,1884000.0,69.41974522292995,38.73155027171622,35.124580686643576,36.200126241653116,3361.0,13544.0,0.0,0.0,5.0,3.0,3.0,2.0,0.0,0.0,1.0
1885000.0,28.822691919,2.859867695620489E-6,1885000.0,69.41692307692307,38.72544972912548,35.11929682400342,36.1883541097998,4361.0,13592.0,0.0,0.0,5.0,3.0,3.0,2.0,0.0,0.0,1.0
1886000.0,28.837197181,2.8613013089928557E-6,1886000.0,69.41590668080593,38.72311901758218,35.119156752403434,36.18127202420796,5361.0,18184.0,0.0,0.0,7.0,4.0,4.0,2.0,0.0,0.0,1.0
1887000.0,28.851372682,2.862707787571372E-6,1887000.0,69.41573926868044,38.722303450095346,35.11855443520962,36.1744129207208,6361.0,18184.0,0.0,0.0,7.0,4.0,4.0,2.0,0.0,0.0,1.0
1888000.0,28.86608117,2.864106814961968E-6,1888000.0,69.41398305084746,38.71812588353757,35.117498019696306,36.16509013166841,801.0,4560.0,1.0,0.0,1.0,1.0,1.0,0.0,0.0,0.0,1.0
1889000.0,28.880569472,2.86548507882918E-6,1889000.0,69.40963472736897,38.70819480479032,35.10824426212203,36.14916193647976,521.0,4560.0,1.0,0.0,1.0,1.0,1.0,0.0,0.0,0.0,1.0
1890000.0,28.893754237,2.8667373732854454E-6,1890000.0,69.40534391534392,38.698073166928886,35.09991380161802,36.13356925428657,1521.0,4560.0,0.0,0.0,1.0,1.0,1.0,0.0,0.0,0.0,1.0
1891000.0,28.907826235,2.868095954857186E-6,1891000.0,69.40084611316763,38.68808045270596,35.090779576978946,36.11888822157845,2521.0,9096.0,0.0,0.0,3.0,2.0,2.0,1.0,0.0,0.0,1.0
1892000.0,28.922401409,2.869525678892511E-6,1892000.0,69.3985200845666,38.682822647800826,35.08610637725356,36.10881519139877,3521.0,13568.0,0.0,0.0,5.0,3.0,3.0,2.0,0.0,0.0,1.0
1893000.0,28.937058699,2.8709696159077132E-6,1893000.0,69.39646064447966,38.67813960013689,35.083453326087074,36.09951412136488,4521.0,17424.0,0.0,0.0,7.0,4.0,4.0,2.0,0.0,0.0,1.0
1894000.0,28.956988363,2.8733619156127948E-6,1894000.0,69.39244984160507,38.670154352630604,35.075132519271705,36.08776277898561,5521.0,99040.0,0.0,0.0,27.0,23.0,23.0,3.0,0.0,0.0,1.0
1895000.0,28.973222345,2.8753017599916528E-6,1895000.0,69.38965699208444,38.664589764639715,35.069540445394665,36.07799360632272,6521.0,99096.0,0.0,0.0,27.0,23.0,23.0,3.0,0.0,0.0,1.0
1896000.0,28.989138571,2.87720982758697E-6,1896000.0,69.38707805907173,38.659358362930476,35.064183890145635,36.067124887097116,7521.0,99112.0,0.0,0.0,27.0,23.0,23.0,3.0,0.0,0.0,1.0
1897000.0,29.005051767,2.8791238882101026E-6,1897000.0,69.3855561412757,38.65612479512589,35.060996746094744,36.058538175108055,8521.0,99120.0,0.0,0.0,27.0,23.0,23.0,3.0,0.0,0.0,1.0
1898000.0,29.021561798,2.880690890226864E-6,1898000.0,69.38419388830349,38.653241321759765,35.05829339818325,36.050007703651545,17.0,4536.0,1.0,0.0,1.0,1.0,1.0,0.0,0.0,0.0,1.0
1899000.0,29.035556986,2.8820225920160723E-6,1899000.0,69.37846234860453,38.6408118311474,35.04595907525582,36.03235437122824,953.0,4560.0,1.0,0.0,1.0,1.0,1.0,0.0,0.0,0.0,1.0
1900000.0,29.049348186,2.883333684699083E-6,1900000.0,69.37426315789473,38.63147500054117,35.03752800785057,36.0176237998267,1953.0,4560.0,0.0,0.0,1.0,1.0,1.0,0.0,0.0,0.0,1.0
1901000.0,29.063544109,2.8847056408528167E-6,1901000.0,69.37154129405576,38.62510148507135,35.0315052795194,36.005772424473236,2953.0,9096.0,0.0,0.0,3.0,2.0,2.0,1.0,0.0,0.0,1.0
1902000.0,29.078130818,2.886122488818387E-6,1902000.0,69.36824395373291,38.61796377343708,35.02571131286614,35.995535410217144,3953.0,13024.0,0.0,0.0,5.0,3.0,3.0,2.0,0.0,0.0,1.0
1903000.0,29.09832471,2.888526862799363E-6,1903000.0,69.36642143983185,38.61407256706951,35.023768787931154,35.987328289538716,4953.0,96192.0,0.0,0.0,27.0,23.0,23.0,3.0,0.0,0.0,1.0
1904000.0,29.114802492,2.8905074002806214E-6,1904000.0,69.3641806722689,38.60919652182239,35.02043053395656,35.977056028554834,5953.0,99072.0,0.0,0.0,27.0,23.0,23.0,3.0,0.0,0.0,1.0
1905000.0,29.131022843,2.8924482007220795E-6,1905000.0,69.36251968503937,38.6059676839672,35.01774184749025,35.97045823308902,6953.0,99136.0,0.0,0.0,27.0,23.0,23.0,3.0,0.0,0.0,1.0
1906000.0,29.14751754,2.8940236813745287E-6,1906000.0,69.36023084994754,38.600701937875215,35.013648386841915,35.95939081841231,369.0,4560.0,1.0,0.0,1.0,1.0,1.0,0.0,0.0,0.0,1.0
1907000.0,29.1617367,2.8953742230975516E-6,1907000.0,69.35616151022549,38.5916863250239,35.00606699609734,35.94622086013303,761.0,4560.0,1.0,0.0,1.0,1.0,1.0,0.0,0.0,0.0,1.0
1908000.0,29.175933714,2.8967268924241775E-6,1908000.0,69.35361635220126,38.585779680586135,35.00077812361047,35.93511701288456,257.0,4560.0,1.0,0.0,1.0,1.0,1.0,0.0,0.0,0.0,1.0
1909000.0,29.189703216,2.8980384871056813E-6,1909000.0,69.34793085385019,38.57299692028127,34.99077880235529,35.917522070008545,137.0,4560.0,1.0,0.0,1.0,1.0,1.0,0.0,0.0,0.0,1.0
1910000.0,29.203484207,2.8993503205192993E-6,1910000.0,69.34371727748692,38.563744103021016,34.983394274661265,35.90349866067666,1137.0,4560.0,0.0,0.0,1.0,1.0,1.0,0.0,0.0,0.0,1.0
1911000.0,29.21799013,2.900753857593554E-6,1911000.0,69.3415489272632,38.5586396634806,34.97868628497673,35.89298336604975,2137.0,9096.0,0.0,0.0,3.0,2.0,2.0,1.0,0.0,0.0,1.0
1912000.0,29.231890334,2.9020917394914904E-6,1912000.0,69.33854602510459,38.55187516861406,34.971847796186026,35.88163881354448,3137.0,9104.0,0.0,0.0,3.0,2.0,2.0,1.0,0.0,0.0,1.0
1913000.0,29.246365611,2.9035073803095655E-6,1913000.0,69.33664401463669,38.54724314846245,34.96683984008621,35.86993597816961,4137.0,13528.0,0.0,0.0,5.0,3.0,3.0,2.0,0.0,0.0,1.0
1914000.0,29.260796356,2.904941364148848E-6,1914000.0,69.33354231974921,38.54100006126336,34.962675528066214,35.85867306015312,5137.0,18096.0,0.0,0.0,7.0,4.0,4.0,2.0,0.0,0.0,1.0
1915000.0,29.274456492,2.9062910545248546E-6,1915000.0,69.33143603133159,38.53728301103898,34.960619980597926,35.850686764424786,6137.0,18120.0,0.0,0.0,7.0,4.0,4.0,2.0,0.0,0.0,1.0
1916000.0,29.288880165,2.907738753804857E-6,1916000.0,69.330375782881,38.53522485608007,34.958620697288566,35.84321038334892,7137.0,22656.0,0.0,0.0,9.0,5.0,5.0,3.0,0.0,0.0,1.0
1917000.0,29.303718528,2.9091495817449447E-6,1917000.0,69.32816901408451,38.53026424879823,34.95311035908715,35.83305959553741,809.0,4560.0,1.0,0.0,1.0,1.0,1.0,0.0,0.0,0.0,1.0
1918000.0,29.318207841,2.910549742457023E-6,1918000.0,69.32513034410844,38.52367640870753,34.948857460972775,35.82159235196327,1809.0,9056.0,0.0,0.0,3.0,2.0,2.0,1.0,0.0,0.0,1.0
1919000.0,29.332069213,2.911881477054259E-6,1919000.0,69.32318916102138,38.518978908334525,34.944988882847774,35.81032529464938,2809.0,9104.0,0.0,0.0,3.0,2.0,2.0,1.0,0.0,0.0,1.0
1920000.0,29.346510857,2.913291527245633E-6,1920000.0,69.32140625,38.51480722798647,34.940593414191525,35.80051400657003,3809.0,13632.0,0.0,0.0,5.0,3.0,3.0,2.0,0.0,0.0,1.0
1921000.0,29.366102813,2.9155326349844707E-6,1921000.0,69.31988547631443,38.51131356522516,34.93962736539519,35.792305077655186,4809.0,76776.0,0.0,0.0,27.0,23.0,23.0,3.0,0.0,0.0,1.0
1922000.0,29.382872277,2.9175385132850713E-6,1922000.0,69.31670135275755,38.5044938709537,34.932691045222406,35.78152785022265,5809.0,99040.0,0.0,0.0,27.0,23.0,23.0,3.0,0.0,0.0,1.0
1923000.0,29.399138848,2.91949093748583E-6,1923000.0,69.31523660946438,38.50140114023143,34.93155367748737,35.774002788610886,6809.0,99144.0,0.0,0.0,27.0,23.0,23.0,3.0,0.0,0.0,1.0
1924000.0,29.415370786,2.9214310079333173E-6,1924000.0,69.31450103950104,38.499744059821694,34.92952220141585,35.76667986752719,7809.0,99160.0,0.0,0.0,27.0,23.0,23.0,3.0,0.0,0.0,1.0
1925000.0,29.431523628,2.923368076677255E-6,1925000.0,69.31361038961039,38.49789603035012,34.92780747779476,35.76001505098739,8809.0,99168.0,0.0,0.0,27.0,23.0,23.0,3.0,0.0,0.0,1.0
1926000.0,29.447719748,2.9253165700147205E-6,1926000.0,69.31287642782969,38.49639885849223,34.927212953033575,35.753263242110386,9809.0,99168.0,0.0,0.0,27.0,23.0,23.0,3.0,0.0,0.0,1.0
1927000.0,29.463995228,2.9272647078056786E-6,1927000.0,69.31219512195122,38.49505691857334,34.926299456943354,35.74676562912546,10809.0,99168.0,0.0,0.0,27.0,23.0,23.0,3.0,0.0,0.0,1.0
1928000.0,29.480323133,2.929225406121987E-6,1928000.0,69.31187759336099,38.494505471204135,34.92465379018767,35.74124334650727,11809.0,99168.0,0.0,0.0,27.0,23.0,23.0,3.0,0.0,0.0,1.0
1929000.0,29.496409171,2.9311484711316835E-6,1929000.0,69.31176775531364,38.494284064257876,34.92459411417459,35.7356020743478,12809.0,99168.0,0.0,0.0,27.0,23.0,23.0,3.0,0.0,0.0,1.0
1930000.0,29.512426837,2.933069528304424E-6,1930000.0,69.31238341968911,38.49550082673061,34.92678767822396,35.7318335608456,13809.0,99168.0,0.0,0.0,27.0,23.0,23.0,3.0,0.0,0.0,1.0
1931000.0,29.52945702,2.934686004786678E-6,1931000.0,69.31035732780943,38.49098108947316,34.92323555992853,35.721142321630204,185.0,4560.0,2.0,0.0,1.0,1.0,1.0,0.0,0.0,0.0,1.0
1932000.0,29.543260647,2.9360005071806105E-6,1932000.0,69.30621118012422,38.48230408955157,34.914758664894485,35.707896816749226,1185.0,4560.0,0.0,0.0,1.0,1.0,1.0,0.0,0.0,0.0,1.0
1933000.0,29.55748006,2.937358312363989E-6,1933000.0,69.3037247801345,38.476611272482366,34.910657772483084,35.69715537243282,617.0,4560.0,1.0,0.0,1.0,1.0,1.0,0.0,0.0,0.0,1.0
1934000.0,29.571413645,2.93868415236518E-6,1934000.0,69.30041365046536,38.46957936549368,34.905734847189144,35.68643168179552,1617.0,4560.0,0.0,0.0,1.0,1.0,1.0,0.0,0.0,0.0,1.0
1935000.0,29.58555477,2.9400518954627363E-6,1935000.0,69.29762273901808,38.46293690364783,34.89991573350748,35.67394500856465,2617.0,9104.0,0.0,0.0,3.0,2.0,2.0,1.0,0.0,0.0,1.0
1936000.0,29.599482434,2.9414043538165736E-6,1936000.0,69.29545454545455,38.45799942075212,34.896771671049315,35.6633941336843,3617.0,9104.0,0.0,0.0,3.0,2.0,2.0,1.0,0.0,0.0,1.0
1937000.0,29.61394804,2.942815156885301E-6,1937000.0,69.29401135776975,38.45451119773641,34.8944507993498,35.65262642009956,4617.0,13016.0,0.0,0.0,5.0,3.0,3.0,2.0,0.0,0.0,1.0
1938000.0,29.628284848,2.9442376698494104E-6,1938000.0,69.29267285861714,38.45187142675311,34.89249364633238,35.64507617375055,5617.0,18048.0,0.0,0.0,7.0,4.0,4.0,2.0,0.0,0.0,1.0
1939000.0,29.642025145,2.9455928065180057E-6,1939000.0,69.2922640536359,38.45133522309273,34.890370948711485,35.63996523784406,6617.0,18048.0,0.0,0.0,7.0,4.0,4.0,2.0,0.0,0.0,1.0
1940000.0,29.656676998,2.947060436440243E-6,1940000.0,69.29175257731958,38.45018389553869,34.89023779806728,35.632765120206415,7617.0,22496.0,0.0,0.0,9.0,5.0,5.0,3.0,0.0,0.0,1.0
1941000.0,29.671490151,2.948467211920816E-6,1941000.0,69.28845955692941,38.44265299834171,34.883210315375294,35.62029527070081,169.0,4560.0,2.0,0.0,1.0,1.0,1.0,0.0,0.0,0.0,1.0
1942000.0,29.685393071,2.9497928962785817E-6,1942000.0,69.28455200823893,38.43392313177735,34.87495100559983,35.60619309484176,1169.0,4560.0,0.0,0.0,1.0,1.0,1.0,0.0,0.0,0.0,1.0
1943000.0,29.699960745,2.951204609042984E-6,1943000.0,69.28198661863098,38.42782073762515,34.86975063182293,35.59344896314098,2169.0,9056.0,0.0,0.0,3.0,2.0,2.0,1.0,0.0,0.0,1.0
1944000.0,29.713887933,2.9525464428442286E-6,1944000.0,69.277829218107,38.418847543027915,34.861174581811404,35.57889990788342,3169.0,9096.0,0.0,0.0,3.0,2.0,2.0,1.0,0.0,0.0,1.0
1945000.0,29.728093122,2.953919500298755E-6,1945000.0,69.27547557840616,38.41327448227249,34.85635175424729,35.568136852694224,4169.0,8760.0,0.0,0.0,5.0,3.0,3.0,2.0,0.0,0.0,1.0
1946000.0,29.74875161,2.95638616018445E-6,1946000.0,69.27374100719425,38.40932324022195,34.85418995509012,35.55860674598085,5169.0,98600.0,0.0,0.0,27.0,23.0,23.0,3.0,0.0,0.0,1.0
1947000.0,29.765211829,2.9583599196266887E-6,1947000.0,69.27098099640473,38.40328846959776,34.8460214074838,35.54463872100665,6169.0,99080.0,0.0,0.0,27.0,23.0,23.0,3.0,0.0,0.0,1.0
1948000.0,29.78147812,2.960316888633961E-6,1948000.0,69.26817248459959,38.397311998963715,34.83938311098147,35.53362846248194,7169.0,99128.0,0.0,0.0,27.0,23.0,23.0,3.0,0.0,0.0,1.0
1949000.0,29.797750651,2.9622651449244786E-6,1949000.0,69.26644433042586,38.39340148773179,34.835886785761296,35.523708341810014,8169.0,99136.0,0.0,0.0,27.0,23.0,23.0,3.0,0.0,0.0,1.0
1950000.0,29.814028814,2.9642204091190244E-6,1950000.0,69.26328205128205,38.38680282383879,34.82977471830273,35.512795959691594,9169.0,99152.0,0.0,0.0,27.0,23.0,23.0,3.0,0.0,0.0,1.0
1951000.0,29.830374131,2.9661744029406527E-6,1951000.0,69.26166068682727,38.383249988698175,34.82678762969055,35.504148585501724,10169.0,99152.0,0.0,0.0,27.0,23.0,23.0,3.0,0.0,0.0,1.0
1952000.0,29.846855672,2.9681510261154246E-6,1952000.0,69.26075819672131,38.38116185764186,34.82624459356418,35.49694432052114,11169.0,99152.0,0.0,0.0,27.0,23.0,23.0,3.0,0.0,0.0,1.0
1953000.0,29.863339539,2.970134478346489E-6,1953000.0,69.25821812596006,38.37583975047736,34.8232895628159,35.48700095095336,12169.0,99152.0,0.0,0.0,27.0,23.0,23.0,3.0,0.0,0.0,1.0
1954000.0,29.879618906,2.972084867071639E-6,1954000.0,69.25690890481064,38.372960326901314,34.82244671882577,35.47895107110826,13169.0,99160.0,0.0,0.0,27.0,23.0,23.0,3.0,0.0,0.0,1.0
1955000.0,29.895904409,2.9740422599850836E-6,1955000.0,69.25473145780052,38.368306112795985,34.81672184730237,35.467766628803574,14169.0,99160.0,0.0,0.0,27.0,23.0,23.0,3.0,0.0,0.0,1.0
1956000.0,29.912239337,2.9759974797590316E-6,1956000.0,69.25327198364009,38.36520673811246,34.81365062676473,35.459686852752114,15169.0,99160.0,0.0,0.0,27.0,23.0,23.0,3.0,0.0,0.0,1.0
1957000.0,29.928632756,2.977966214810503E-6,1957000.0,69.25222278998467,38.36276726680921,34.81180232961243,35.45108741125965,16169.0,99160.0,0.0,0.0,27.0,23.0,23.0,3.0,0.0,0.0,1.0
1958000.0,29.945330325,2.979960901591723E-6,1958000.0,69.2511746680286,38.36041571065833,34.810520628396525,35.44422558740242,17169.0,99160.0,0.0,0.0,27.0,23.0,23.0,3.0,0.0,0.0,1.0
1959000.0,29.961821473,2.9819372775921753E-6,1959000.0,69.24925982644207,38.35634060766667,34.8078943865531,35.43444056693563,18169.0,99160.0,0.0,0.0,27.0,23.0,23.0,3.0,0.0,0.0,1.0
1960000.0,29.97822499,2.983909465964508E-6,1960000.0,69.24755102040817,38.35270819674979,34.804857392250526,35.42446968073708,19169.0,99160.0,0.0,0.0,27.0,23.0,23.0,3.0,0.0,0.0,1.0
1961000.0,29.994349296,2.98583927497618E-6,1961000.0,69.24691483936766,38.3512302500136,34.805432916625215,35.417655014955066,20169.0,99160.0,0.0,0.0,27.0,23.0,23.0,3.0,0.0,0.0,1.0
1962000.0,30.01113613,2.987869222754982E-6,1962000.0,69.24500509683996,38.34703873243821,34.80077061797468,35.40616486380887,21169.0,102448.0,0.0,0.0,29.0,24.0,24.0,3.0,0.0,0.0,1.0
1963000.0,30.027375493,2.9898254391735077E-6,1963000.0,69.24406520631686,38.34482607356783,34.79724950077813,35.398652415412165,22169.0,102960.0,0.0,0.0,29.0,24.0,24.0,3.0,0.0,0.0,1.0
1964000.0,30.043888546,2.991821152195089E-6,1964000.0,69.2433299389002,38.343205349899996,34.79599359683598,35.392887090149905,23169.0,103000.0,0.0,0.0,29.0,24.0,24.0,3.0,0.0,0.0,1.0
1965000.0,30.061166036,2.9934632480996173E-6,1965000.0,69.24091603053435,38.33781774718062,34.793148499170904,35.38235548813147,553.0,4560.0,2.0,0.0,1.0,1.0,1.0,0.0,0.0,0.0,1.0
1966000.0,30.07503171,2.9947845200472685E-6,1966000.0,69.23748728382503,38.33005717642018,34.78632174500944,35.370248071658025,1553.0,4560.0,0.0,0.0,1.0,1.0,1.0,0.0,0.0,0.0,1.0
1967000.0,30.089410321,2.9961771970489238E-6,1967000.0,69.23370615149975,38.32187703760208,34.779731671069115,35.35843913360207,2553.0,9104.0,0.0,0.0,3.0,2.0,2.0,1.0,0.0,0.0,1.0
1968000.0,30.10345274,2.997511998080099E-6,1968000.0,69.23099593495935,38.31536591815032,34.775832113478295,35.34674301479734,513.0,4560.0,1.0,0.0,1.0,1.0,1.0,0.0,0.0,0.0,1.0
1969000.0,30.116674465,2.998774041949274E-6,1969000.0,69.22752666328086,38.30679311363209,34.76807467258078,35.33262750756701,1513.0,4560.0,0.0,0.0,1.0,1.0,1.0,0.0,0.0,0.0,1.0
1970000.0,30.131460532,3.0001795303824724E-6,1970000.0,69.22543147208123,38.30220285482947,34.76435351223507,35.32257685964168,465.0,4560.0,2.0,0.0,1.0,1.0,1.0,0.0,0.0,0.0,1.0
1971000.0,30.145397654,3.0015076106712197E-6,1971000.0,69.22242516489092,38.29576358308792,34.757998685751595,35.31220175415212,1465.0,4560.0,0.0,0.0,1.0,1.0,1.0,0.0,0.0,0.0,1.0
1972000.0,30.159754352,3.0028981652334305E-6,1972000.0,69.21957403651116,38.28925275199864,34.75295470791523,35.300638477035086,2465.0,9104.0,0.0,0.0,3.0,2.0,2.0,1.0,0.0,0.0,1.0
1973000.0,30.174174165,3.004269197541458E-6,1973000.0,69.21779016725799,38.28509214618796,34.75073298029952,35.292287596462316,809.0,4560.0,1.0,0.0,1.0,1.0,1.0,0.0,0.0,0.0,1.0
1974000.0,30.188401051,3.005627186325353E-6,1974000.0,69.21306990881459,38.27473875053416,34.74228564249536,35.27769820029458,241.0,4560.0,1.0,0.0,1.0,1.0,1.0,0.0,0.0,0.0,1.0
1975000.0,30.20280323,3.0070090310595884E-6,1975000.0,69.20901265822785,38.26545869562795,34.73258069051528,35.26381622018662,1241.0,8464.0,0.0,0.0,3.0,2.0,2.0,1.0,0.0,0.0,1.0
1976000.0,30.21694707,3.0083716506748516E-6,1976000.0,69.20668016194332,38.26004266395853,34.72639249597456,35.252668206050416,2241.0,8496.0,0.0,0.0,3.0,2.0,2.0,1.0,0.0,0.0,1.0
1977000.0,30.230946487,3.009727802688456E-6,1977000.0,69.20510875063228,38.25642066045883,34.72454824024378,35.24457122921665,3241.0,9016.0,0.0,0.0,3.0,2.0,2.0,1.0,0.0,0.0,1.0
1978000.0,30.245639367,3.0111611666686766E-6,1978000.0,69.20197168857432,38.24962981892525,34.718964222068145,35.2322213811229,4241.0,13504.0,0.0,0.0,5.0,3.0,3.0,2.0,0.0,0.0,1.0
1979000.0,30.260219213,3.012589538523014E-6,1979000.0,69.19939363314805,38.24406092795975,34.71274610821799,35.22118852833589,5241.0,13616.0,0.0,0.0,5.0,3.0,3.0,2.0,0.0,0.0,1.0
1980000.0,30.280246922,3.01495895551918E-6,1980000.0,69.19621212121211,38.237214088818675,34.7059484747432,35.20875249905986,6241.0,94392.0,0.0,0.0,25.0,22.0,22.0,3.0,0.0,0.0,1.0
1981000.0,30.296716262,3.016914721046046E-6,1981000.0,69.19273094396769,38.22972175615854,34.69956376639621,35.19500157156571,7241.0,94576.0,0.0,0.0,25.0,22.0,22.0,3.0,0.0,0.0,1.0
1982000.0,30.312824649,3.0188338902617985E-6,1982000.0,69.18960645812311,38.22301014264143,34.69225808590529,35.18269279758165,8241.0,94592.0,0.0,0.0,25.0,22.0,22.0,3.0,0.0,0.0,1.0
1983000.0,30.329061041,3.0207594389468426E-6,1983000.0,69.18618255168936,38.21565286123358,34.68732029441253,35.172165019547926,9241.0,94592.0,0.0,0.0,25.0,22.0,22.0,3.0,0.0,0.0,1.0
1984000.0,30.345263652,3.022687218528197E-6,1984000.0,69.18256048387097,38.20773857837831,34.676726624700315,35.15854086620294,10241.0,94592.0,0.0,0.0,25.0,22.0,22.0,3.0,0.0,0.0,1.0
1985000.0,30.361754736,3.0246394227889984E-6,1985000.0,69.17954659949622,38.201089119185916,34.67293541783902,35.14771246818529,11241.0,94624.0,0.0,0.0,25.0,22.0,22.0,3.0,0.0,0.0,1.0
1986000.0,30.378122123,3.0265832844469487E-6,1986000.0,69.17643504531722,38.194146748983684,34.66656420896249,35.134825841125064,12241.0,94624.0,0.0,0.0,25.0,22.0,22.0,3.0,0.0,0.0,1.0
1987000.0,30.39441701,3.0285248083537795E-6,1987000.0,69.17352793155511,38.18770110811411,34.66278675339582,35.122854364777595,13241.0,94624.0,0.0,0.0,25.0,22.0,22.0,3.0,0.0,0.0,1.0
1988000.0,30.410778814,3.0304653656768196E-6,1988000.0,69.17027162977867,38.180564044111684,34.6566648293479,35.11022035601265,14241.0,94624.0,0.0,0.0,25.0,22.0,22.0,3.0,0.0,0.0,1.0
1989000.0,30.427858321,3.0324978314397812E-6,1989000.0,69.16711915535446,38.17372374400528,34.65166757773665,35.09890742535909,15241.0,94624.0,0.0,0.0,25.0,22.0,22.0,3.0,0.0,0.0,1.0
1990000.0,30.444427901,3.0344605625381236E-6,1990000.0,69.16316582914574,38.16528224590947,34.64281378005842,35.08536235762803,16241.0,94624.0,0.0,0.0,25.0,22.0,22.0,3.0,0.0,0.0,1.0
1991000.0,30.460997514,3.036429675962695E-6,1991000.0,69.16037167252637,38.15895447677153,34.637600010219245,35.07350554239086,17241.0,94624.0,0.0,0.0,25.0,22.0,22.0,3.0,0.0,0.0,1.0
1992000.0,30.477831478,3.0384199616883963E-6,1992000.0,69.15732931726907,38.15237832604625,34.63123366142592,35.062983154463566,18241.0,94624.0,0.0,0.0,25.0,22.0,22.0,3.0,0.0,0.0,1.0
1993000.0,30.494594797,3.0404254518898473E-6,1993000.0,69.15584545910689,38.14900437254856,34.62837891727895,35.05540201323565,19241.0,98496.0,0.0,0.0,27.0,23.0,23.0,3.0,0.0,0.0,1.0
1994000.0,30.510793621,3.04236984521162E-6,1994000.0,69.15361083249749,38.14389663802578,34.623376816631435,35.04322517008095,20241.0,98544.0,0.0,0.0,27.0,23.0,23.0,3.0,0.0,0.0,1.0
1995000.0,30.527012287,3.0443101083767065E-6,1995000.0,69.15248120300753,38.141225643306,34.62377288377227,35.03756350750374,21241.0,99008.0,0.0,0.0,27.0,23.0,23.0,3.0,0.0,0.0,1.0
1996000.0,30.5495004,3.0474211767709177E-6,1996000.0,69.14939879759518,38.13456864776475,34.61843108358054,35.02580384435602,22241.0,169752.0,0.0,0.0,47.0,42.0,42.0,3.0,0.0,0.0,1.0
1997000.0,30.567870907,3.0499553422807453E-6,1997000.0,69.14727090635954,38.12986269158861,34.61330701433217,35.017360232201014,23241.0,170288.0,0.0,0.0,47.0,42.0,42.0,3.0,0.0,0.0,1.0
1998000.0,30.585784772,3.0524359692009523E-6,1998000.0,69.14584584584584,38.12647565383847,34.613279592702575,35.00923520680116,24241.0,170840.0,0.0,0.0,47.0,42.0,42.0,3.0,0.0,0.0,1.0
1999000.0,30.603740684,3.054929442143364E-6,1999000.0,69.14382191095548,38.12204441739409,34.61128691144435,34.99992096486099,25241.0,170864.0,0.0,0.0,47.0,42.0,42.0,3.0,0.0,0.0,1.0
2000000.0,30.621670685,3.057408184508568E-6,2000000.0,69.14185,38.117660046453025,34.606284403426706,34.99181555613139,26241.0,170864.0,0.0,0.0,47.0,42.0,42.0,3.0,0.0,0.0,1.0
