learning evaluation instances,evaluation time (cpu seconds),model cost (RAM-Hours),classified instances,classifications correct (percent),Kappa Statistic (percent),Kappa Temporal Statistic (percent),Kappa M Statistic (percent),model training instances,model serialized size (bytes),Change detected,Warning detected
1000.0,0.051760745,4.072438681125641E-9,1000.0,64.3,60.264812209499055,60.89813800657174,58.584686774942,482.0,15168.0,1.0,8.0
2000.0,0.131896514,1.0684192695704598E-8,2000.0,67.4,63.76220559223644,64.17582417582418,62.65750286368843,265.0,15168.0,1.0,20.0
3000.0,0.166975311,1.3568997644852433E-8,3000.0,69.36666666666666,65.95713364745296,66.27522935779815,65.11009870918755,1265.0,15168.0,0.0,20.0
4000.0,0.2169485,1.7711367649117277E-8,4000.0,70.55,67.26914956192618,67.66401317595388,66.5625887028101,2265.0,15168.0,0.0,26.0
5000.0,0.248308457,2.029021337572899E-8,5000.0,69.6,66.21490361956629,66.56401231852178,65.5641141821477,1003.0,15168.0,1.0,19.0
6000.0,0.271284343,2.2181079889589713E-8,6000.0,69.01666666666667,65.5711274301347,65.852314474651,65.00376506024097,954.0,15168.0,1.0,24.0
7000.0,0.29932526,2.4454141589456962E-8,7000.0,69.3,65.88633693935516,66.06127605811749,65.30513400064578,165.0,14752.0,1.0,17.0
8000.0,0.325446062,2.659809766150183E-8,8000.0,68.86250000000001,65.39978990546858,65.47949002217295,64.88581900197352,787.0,15168.0,1.0,11.0
9000.0,0.34936923,2.8564348868363433E-8,9000.0,69.28888888888889,65.87443762991028,65.92702169625247,65.40675844806007,1787.0,15168.0,0.0,41.0
10000.0,0.373559786,3.052629268295235E-8,10000.0,69.57,66.18696793296712,66.22266622266622,65.67012635379061,44.0,14912.0,1.0,33.0
11000.0,0.39673241,3.2445195989674986E-8,11000.0,69.61818181818182,66.24017420738657,66.27648839556004,65.70900882413298,1044.0,15168.0,0.0,24.0
12000.0,0.420356582,3.4386921532667336E-8,12000.0,69.35833333333333,65.9518927962735,66.00721087177591,65.47093623814443,956.0,15168.0,1.0,12.0
13000.0,0.443892738,3.631883117643494E-8,13000.0,69.44615384615385,66.04985618988391,66.11499744070977,65.62527044569451,979.0,15168.0,1.0,15.0
14000.0,0.467674716,3.8269638834831605E-8,14000.0,69.21428571428572,65.79239864806162,65.86949635730124,65.373182292922,951.0,15168.0,1.0,25.0
15000.0,0.491222469,4.017832804697875E-8,15000.0,69.11333333333334,65.6799295363692,65.73224852071007,65.25163129078227,166.0,14728.0,1.0,35.0
16000.0,0.513960678,4.204238714400678E-8,16000.0,69.3,65.88692116832607,65.93147454570675,65.44252145771775,1166.0,14784.0,0.0,23.0
17000.0,0.537216747,4.395380931594098E-8,17000.0,69.25294117647059,65.8348908187168,65.89455826699727,65.40930448018,989.0,14976.0,1.0,15.0
18000.0,0.560081081,4.582806607307452E-8,18000.0,69.40555555555555,66.00478260299225,66.05227468869437,65.60274828232355,1989.0,14976.0,0.0,46.0
19000.0,0.583719774,4.776849006928089E-8,19000.0,69.26842105263158,65.85235864457493,65.8916992815001,65.45174841725341,922.0,15168.0,1.0,25.0
20000.0,0.606184777,4.96309346533815E-8,20000.0,69.60499999999999,66.22619857111263,66.23528104865585,65.8291174817313,1922.0,15168.0,0.0,28.0
21000.0,0.630146679,5.157453214724858E-8,21000.0,69.3047619047619,65.89295353575184,65.87431838636243,65.51834813309083,172.0,14944.0,2.0,25.0
22000.0,0.653046162,5.345555638925482E-8,22000.0,69.25,65.83219197480584,65.82642958173368,65.46178587838872,415.0,14976.0,1.0,15.0
23000.0,0.675837127,5.530549756861808E-8,23000.0,69.08695652173913,65.65136263300316,65.65051451760955,65.30691909827266,645.0,15168.0,1.0,9.0
24000.0,0.699062408,5.719064408290095E-8,24000.0,68.78333333333333,65.31405746492369,65.30196369025565,64.96937391873567,237.0,15160.0,2.0,10.0
25000.0,0.72189023,5.9067955151574884E-8,25000.0,68.728,65.25250050526544,65.25796560458605,64.91180826713344,607.0,15168.0,1.0,18.0
26000.0,0.744711682,6.094715116691465E-8,26000.0,68.75,65.27687328712665,65.29409252060996,64.93310315062581,647.0,15168.0,1.0,13.0
27000.0,0.767664211,6.283576293059314E-8,27000.0,68.7,65.22082119540345,65.2593932417989,64.85193811345866,708.0,14976.0,1.0,21.0
28000.0,0.791396999,6.478391088158513E-8,28000.0,68.63928571428572,65.15333371493438,65.20860572922858,64.78585178055822,885.0,15168.0,1.0,19.0
29000.0,0.814775023,6.670061500306551E-8,29000.0,68.66896551724138,65.18641025507988,65.24632802937576,64.84154316449329,505.0,14784.0,1.0,18.0
30000.0,0.838642847,6.863761898006622E-8,30000.0,68.42666666666666,64.91719598343131,64.97948016415869,64.56813675980997,128.0,15112.0,2.0,23.0
31000.0,0.860871786,7.046811746904004E-8,31000.0,68.53548387096774,65.03812312318416,65.09947044511235,64.6952367163747,1128.0,15168.0,0.0,31.0
32000.0,0.883616608,7.23327657670155E-8,32000.0,68.378125,64.86321278512716,64.90601373378651,64.52087935205638,614.0,14976.0,1.0,20.0
33000.0,0.90641317,7.420769479998696E-8,33000.0,68.26969696969697,64.74284545092019,64.78086845380243,64.41824113089575,982.0,14976.0,1.0,14.0
34000.0,0.928847598,7.606983324634117E-8,34000.0,68.42647058823529,64.91715557167329,64.95838093683695,64.61999868169534,1982.0,14976.0,0.0,35.0
35000.0,0.951531574,7.791099624160677E-8,35000.0,68.48857142857143,64.98638507218757,65.01506740681998,64.6834672900189,233.0,15152.0,1.0,20.0
36000.0,0.973875895,7.974729663991058E-8,36000.0,68.575,65.0825579888991,65.0973374880449,64.80744105020842,1233.0,15168.0,0.0,29.0
37000.0,0.996888081,8.161409891228088E-8,37000.0,68.51621621621622,65.01726217396018,65.0306195965418,64.73419714216517,47.0,14984.0,2.0,27.0
38000.0,1.019022591,8.343663816637256E-8,38000.0,68.55,65.0550460357551,65.06679138288854,64.78267275674082,1047.0,15168.0,0.0,22.0
39000.0,1.036050731,8.483801784415005E-8,39000.0,68.56666666666666,65.07353434549313,65.09098157587493,64.80939258238604,262.0,15168.0,1.0,35.0
40000.0,1.051463058,8.610466519206142E-8,40000.0,68.74,65.2662478596261,65.29269714380881,65.02964537420294,1262.0,15168.0,0.0,17.0
41000.0,1.067072511,8.7400403011553E-8,41000.0,68.69024390243904,65.21112758409097,65.24058379139477,64.9903182698339,837.0,14976.0,1.0,10.0
42000.0,1.083605377,8.876636046951016E-8,42000.0,68.82857142857142,65.36478225180744,65.38431030379948,65.14376996805112,1837.0,14976.0,0.0,24.0
43000.0,1.099616366,9.008144614309694E-8,43000.0,68.82093023255814,65.35618789445675,65.38252988716465,65.13587309842673,516.0,14976.0,1.0,22.0
44000.0,1.115306167,9.135394719780941E-8,44000.0,68.825,65.36082215309344,65.37684890706245,65.15078377073755,93.0,14912.0,1.0,30.0
45000.0,1.130791722,9.262757418863269E-8,45000.0,68.82666666666667,65.36269333362432,65.37749586593283,65.15128931286331,1093.0,14976.0,0.0,15.0
46000.0,1.147311696,9.398258563848627E-8,46000.0,68.70869565217392,65.23167631340306,65.25202780996524,65.0359502526234,320.0,15168.0,2.0,13.0
47000.0,1.162693258,9.524753227229541E-8,47000.0,68.82127659574468,65.35675326894706,65.38643235071807,65.16592184082914,1320.0,15168.0,0.0,25.0
48000.0,1.178422267,9.654635831546039E-8,48000.0,68.83333333333333,65.37009361168563,65.41280373615703,65.19230321785057,338.0,15168.0,1.0,26.0
49000.0,1.194121408,9.78382667312026E-8,49000.0,68.79591836734694,65.32847534557472,65.36806342015855,65.14225788801751,693.0,15168.0,1.0,15.0
50000.0,1.209923985,9.91353838518862E-8,50000.0,68.816,65.35077661520839,65.38265136209232,65.17155110793425,238.0,15160.0,1.0,29.0
51000.0,1.225383381,1.0040836312431634E-7,51000.0,68.89411764705883,65.4376186386984,65.46800174140184,65.2509145072613,1238.0,15168.0,0.0,32.0
52000.0,1.241090214,1.0170457781304086E-7,52000.0,68.91153846153846,65.4569643522317,65.4882370522181,65.27622647993813,662.0,14976.0,1.0,26.0
53000.0,1.256791606,1.0299238203614121E-7,53000.0,68.97358490566037,65.52594691919926,65.55725446662338,65.35844445848869,346.0,15160.0,1.0,19.0
54000.0,1.272527315,1.0428814642795257E-7,54000.0,68.94814814814815,65.49768501302373,65.53552710007605,65.33961718136342,904.0,15168.0,1.0,15.0
55000.0,1.288158475,1.0557530168296561E-7,55000.0,69.00727272727273,65.56337372190706,65.5935248168258,65.4049885332738,1904.0,15168.0,0.0,44.0
56000.0,1.303891569,1.068668457012996E-7,56000.0,68.97678571428571,65.52951740908767,65.55436592909827,65.3758769132653,593.0,15168.0,1.0,22.0
57000.0,1.319561102,1.0815495557577659E-7,57000.0,68.95614035087719,65.50660386254302,65.52966844586435,65.35961786930817,901.0,14976.0,1.0,21.0
58000.0,1.335207357,1.0942479919100593E-7,58000.0,68.9948275862069,65.54965999316774,65.56498094709228,65.39867621026707,136.0,15128.0,1.0,27.0
59000.0,1.350795898,1.1070583173150403E-7,59000.0,69.06610169491525,65.62891422484746,65.64776299196295,65.48992171841319,1136.0,15168.0,0.0,23.0
60000.0,1.36618646,1.1197333409251437E-7,60000.0,69.17999999999999,65.75543111248331,65.77456968350916,65.62058451699264,2136.0,15168.0,0.0,34.0
61000.0,1.381868674,1.1326310306928637E-7,61000.0,69.20327868852459,65.78126458437971,65.7920134020431,65.65379552435279,506.0,14968.0,1.0,25.0
62000.0,1.397965142,1.1458597589069356E-7,62000.0,69.19032258064516,65.76688244172078,65.77193233944953,65.6370864739427,606.0,14976.0,1.0,14.0
63000.0,1.413534259,1.1586476777026429E-7,63000.0,69.3,65.88877836474924,65.89249814834407,65.76086956521738,1606.0,14976.0,0.0,18.0
64000.0,1.429569189,1.171651605090147E-7,64000.0,69.196875,65.77417633598802,65.78974768333738,65.63829045527434,72.0,14888.0,2.0,35.0
65000.0,1.445126748,1.184413931549299E-7,65000.0,69.20923076923077,65.78793304087922,65.80907475741424,65.65299467993822,1072.0,14976.0,0.0,25.0
66000.0,1.461010181,1.1975047248484567E-7,66000.0,69.15454545454546,65.72714835224457,65.73996163037259,65.58416310246312,836.0,14976.0,1.0,24.0
67000.0,1.477005645,1.2106673270864827E-7,67000.0,69.11194029850746,65.67982758092296,65.68789999005207,65.54279054279056,430.0,14976.0,1.0,14.0
68000.0,1.492730325,1.2235748838239454E-7,68000.0,69.0985294117647,65.6649540035086,65.67905267456105,65.53437869046057,807.0,15168.0,1.0,12.0
69000.0,1.508381768,1.2364294504976316E-7,69000.0,69.05217391304348,65.61344757142008,65.63068355571293,65.48848484848484,496.0,15168.0,1.0,25.0
70000.0,1.523584185,1.2488994995646802E-7,70000.0,69.10857142857142,65.67608218072732,65.68599447776826,65.55481219535505,1496.0,15168.0,0.0,22.0
71000.0,1.53893129,1.261356417306637E-7,71000.0,69.09718309859156,65.6634081152192,65.67105798416623,65.5427476600289,229.0,15160.0,1.0,21.0
72000.0,1.554938695,1.2744970418886802E-7,72000.0,69.15972222222221,65.7328847467391,65.73461105195747,65.60776903537575,1229.0,15168.0,0.0,18.0
73000.0,1.570339114,1.2869899027242226E-7,73000.0,69.13287671232877,65.70305877597313,65.6958864902719,65.57797772719634,354.0,14976.0,1.0,22.0
74000.0,1.585665697,1.2996889982649025E-7,74000.0,69.1027027027027,65.66957921133748,65.66296724585881,65.5434323949605,762.0,14976.0,1.0,16.0
75000.0,1.606536958,1.3167986491394128E-7,75000.0,69.14533333333334,65.71695259746804,65.71043312045283,65.58805597275715,1762.0,14976.0,0.0,42.0
76000.0,1.622252367,1.3297311205045219E-7,76000.0,69.11315789473684,65.6811729458341,65.67576657064733,65.55185418898492,996.0,14976.0,1.0,16.0
77000.0,1.637596984,1.342489301073096E-7,77000.0,69.1961038961039,65.77334050223715,65.77097914712462,65.6460466665701,1996.0,14976.0,0.0,28.0
78000.0,1.65335474,1.3554142244440402E-7,78000.0,69.17307692307692,65.74775011835432,65.74932695183968,65.61364871435518,824.0,14976.0,1.0,27.0
79000.0,1.668703383,1.3680201007708494E-7,79000.0,69.25189873417722,65.83534141805072,65.83640403926753,65.70036712792997,1824.0,14976.0,0.0,36.0
80000.0,1.684187945,1.3807622838320004E-7,80000.0,69.2475,65.83047535802021,65.8343517386957,65.69906865205509,293.0,14968.0,1.0,25.0
81000.0,1.69942039,1.3932579096471477E-7,81000.0,69.29135802469136,65.87918773340262,65.8788186394875,65.74253880372957,1293.0,14976.0,0.0,22.0
82000.0,1.714829198,1.405897254550312E-7,82000.0,69.24390243902438,65.82647666045578,65.82007426883149,65.68987565640899,411.0,15168.0,1.0,22.0
83000.0,1.730678022,1.4189227869206212E-7,83000.0,69.30722891566265,65.89681318156521,65.89509478419193,65.75204345020435,1411.0,15168.0,0.0,26.0
84000.0,1.746221207,1.431723182771955E-7,84000.0,69.27142857142857,65.85705056407943,65.85985239266724,65.71428571428571,469.0,15168.0,1.0,33.0
85000.0,1.761687957,1.4442698514910413E-7,85000.0,69.26117647058824,65.84567442761528,65.85066199631426,65.70723576275414,246.0,14976.0,1.0,24.0
86000.0,1.776840713,1.4567148453674587E-7,86000.0,69.30930232558138,65.89917419595305,65.90715337518405,65.76120797011208,1246.0,14976.0,0.0,26.0
87000.0,1.79215536,1.4693695032802512E-7,87000.0,69.27586206896552,65.86203514376994,65.87601491089211,65.73164790646395,910.0,15168.0,1.0,16.0
88000.0,1.807551739,1.482063337879421E-7,88000.0,69.25340909090909,65.83711423210093,65.85824426806649,65.706789693152,338.0,14960.0,1.0,36.0
89000.0,1.822928067,1.494534428426168E-7,89000.0,69.28539325842696,65.87266761104232,65.88884174798473,65.7533731724734,76.0,14920.0,1.0,26.0
90000.0,1.83793394,1.5068354947713308E-7,90000.0,69.30666666666667,65.89632639547818,65.91186741858658,65.77630209623867,1076.0,14976.0,0.0,22.0
91000.0,1.853077274,1.5193821294872504E-7,91000.0,69.34835164835165,65.94264430888505,65.95466806625248,65.82661537330623,2076.0,14976.0,0.0,49.0
92000.0,1.868412495,1.5319699999646802E-7,92000.0,69.35108695652174,65.94565366705413,65.96127381153578,65.83217206906997,751.0,14976.0,1.0,12.0
93000.0,1.883643465,1.5443329686255713E-7,93000.0,69.34301075268817,65.93671188051493,65.94400248453141,65.82398350594552,483.0,15168.0,1.0,20.0
94000.0,1.898840407,1.5566676877469447E-7,94000.0,69.35531914893616,65.9504085675961,65.96081582492378,65.83485542140095,191.0,15152.0,1.0,24.0
95000.0,1.913998577,1.5691014424365222E-7,95000.0,69.3178947368421,65.90883196973328,65.9183387119405,65.79756400929338,559.0,14976.0,1.0,15.0
96000.0,1.929231039,1.581464676397149E-7,96000.0,69.31145833333333,65.90164425122354,65.90990615706829,65.79234591983652,123.0,15144.0,1.0,24.0
97000.0,1.944449833,1.5938073678285505E-7,97000.0,69.31134020618556,65.90149222659723,65.91515429094865,65.79530960944054,116.0,14904.0,1.0,16.0
98000.0,1.959637046,1.6062740606954942E-7,98000.0,69.28469387755102,65.8718580919156,65.8823262720029,65.77175865911623,716.0,15168.0,1.0,16.0
99000.0,1.974785142,1.6187305890902462E-7,99000.0,69.31414141414142,65.90458956178618,65.91951895354447,65.80674207890146,1716.0,15168.0,0.0,38.0
100000.0,1.990074104,1.631320040659358E-7,100000.0,69.299,65.88776486061141,65.90293203020879,65.78703961664903,321.0,15160.0,1.0,31.0
101000.0,2.005547547,1.643878863782332E-7,101000.0,69.28217821782178,65.86907223160009,65.88897562477322,65.76778365018592,304.0,15144.0,1.0,17.0
102000.0,2.020750916,1.65637392177826E-7,102000.0,69.31960784313725,65.91066160514583,65.93294143261484,65.80600749571127,1304.0,15168.0,0.0,31.0
103000.0,2.036108451,1.6690614757844142E-7,103000.0,69.3747572815534,65.9719393274062,65.99579582816796,65.8647967189343,2304.0,15168.0,0.0,34.0
104000.0,2.051622269,1.6817892045051272E-7,104000.0,69.34903846153846,65.94334933566859,65.9735490964209,65.83460161625688,796.0,14976.0,1.0,16.0
105000.0,2.067026567,1.6944420656462922E-7,105000.0,69.3104761904762,65.9004830537236,65.93153320787431,65.78938986973554,516.0,14784.0,1.0,20.0
106000.0,2.082312009,1.7070064743408724E-7,106000.0,69.33490566037736,65.92764122330259,65.95764735453061,65.81587582029277,1516.0,14784.0,0.0,33.0
107000.0,2.0976867,1.7194695550808474E-7,107000.0,69.35887850467289,65.95431279668104,65.97974515419416,65.84257956972444,164.0,14752.0,1.0,18.0
108000.0,2.113139096,1.7321526488969721E-7,108000.0,69.32685185185186,65.91872412075308,65.93834827671301,65.7980321504899,786.0,15168.0,1.0,11.0
109000.0,2.128549688,1.7448186532984175E-7,109000.0,69.35688073394496,65.95212426204262,65.97012796478931,65.82563409967567,1786.0,15168.0,0.0,41.0
110000.0,2.144329797,1.757616906983074E-7,110000.0,69.38181818181818,65.97984331501505,65.99662793162979,65.85182856969045,43.0,14912.0,1.0,33.0
111000.0,2.159673647,1.7703230055685671E-7,111000.0,69.3891891891892,65.98803422308545,66.00500250125063,65.8526290400386,1043.0,15168.0,0.0,24.0
112000.0,2.176250981,1.7839483012456032E-7,112000.0,69.36339285714286,65.9593457827437,65.97890102916972,65.82608782256217,955.0,15168.0,1.0,12.0
113000.0,2.196607483,1.8006574539752055E-7,113000.0,69.37256637168142,65.96951811080454,65.99025176391974,65.84154995607932,978.0,15168.0,1.0,15.0
114000.0,2.218558563,1.8186636664837182E-7,114000.0,69.34473684210526,65.93859403630474,65.96148788826228,65.81464960676135,950.0,15168.0,1.0,25.0
115000.0,2.240606494,1.8365348612639015E-7,115000.0,69.33043478260869,65.92272386934062,65.94244882193897,65.79215362979487,165.0,14728.0,1.0,35.0
116000.0,2.255808452,1.848997297554525E-7,116000.0,69.35431034482758,65.94923808303882,65.96814030519444,65.8156396645896,1165.0,14784.0,0.0,23.0
117000.0,2.27097798,1.8614651708468585E-7,117000.0,69.34700854700854,65.94111566486593,65.96277771977944,65.80798932214701,988.0,14976.0,1.0,15.0
118000.0,2.286117028,1.8739239717991607E-7,118000.0,69.37033898305086,65.96702231071457,65.98690030302461,65.83449918705335,1988.0,14976.0,0.0,45.0
119000.0,2.301346871,1.8864256582568916E-7,119000.0,69.34789915966387,65.94210500387726,65.96086189680754,65.80770348428463,921.0,15168.0,1.0,26.0
120000.0,2.316374427,1.8988841432544092E-7,120000.0,69.40333333333332,66.00369571352293,66.01754840620487,65.8671723932768,1921.0,15168.0,0.0,28.0
121000.0,2.331787668,1.911386129357169E-7,121000.0,69.35289256198347,65.94766661493337,65.95672410469204,65.81329744081422,171.0,14944.0,2.0,25.0
122000.0,2.346924074,1.9238195745239655E-7,122000.0,69.34262295081967,65.93623773459508,65.94741250591791,65.80075892653043,414.0,14976.0,1.0,15.0
123000.0,2.362069433,1.936113052790612E-7,123000.0,69.31138211382114,65.90154411391669,65.91354446039787,65.76918891468368,644.0,15168.0,1.0,9.0
124000.0,2.377312285,1.948485350596408E-7,124000.0,69.2516129032258,65.83512683058221,65.84522497827703,65.70143480412,236.0,15160.0,2.0,10.0
125000.0,2.392390758,1.960885563048389E-7,125000.0,69.236,65.8177747028967,65.8308379908124,65.68325614185385,606.0,15168.0,1.0,18.0
126000.0,2.407581462,1.9733941056367422E-7,126000.0,69.23650793650793,65.81833606335667,65.83370794439891,65.6815525728654,646.0,15168.0,1.0,13.0
127000.0,2.42277909,1.9858992282839284E-7,127000.0,69.2228346456693,65.80311223168589,65.82288442369236,65.65984027832687,707.0,14976.0,1.0,21.0
128000.0,2.437997825,1.998391796543056E-7,128000.0,69.20468749999999,65.78293887283573,65.80643482334163,65.6383210565314,884.0,15168.0,1.0,19.0
129000.0,2.453167161,2.0108287453764222E-7,129000.0,69.20697674418605,65.78547714744805,65.8105607436416,65.64378443362365,504.0,14784.0,1.0,18.0
130000.0,2.468579556,2.0233367437637515E-7,130000.0,69.14769230769231,65.71959485304058,65.74512968988871,65.57578254413747,127.0,15112.0,2.0,23.0
131000.0,2.483647807,2.0357450780917995E-7,131000.0,69.16793893129771,65.74209793148158,65.76770519035836,65.59801032315214,1127.0,15168.0,0.0,31.0
132000.0,2.498831872,2.0481931601029924E-7,132000.0,69.12424242424242,65.69352510281188,65.7149586957619,65.54831401786997,613.0,14976.0,1.0,20.0
133000.0,2.513984236,2.0606553933036618E-7,133000.0,69.09172932330827,65.65740176387649,65.67812176468624,65.51515863295472,981.0,14976.0,1.0,14.0
134000.0,2.529023866,2.0731388286923164E-7,134000.0,69.12611940298507,65.6956061708656,65.71700849388854,65.55860805860806,1981.0,14976.0,0.0,35.0
135000.0,2.544196624,2.0854539186772997E-7,135000.0,69.13703703703705,65.70775550951157,65.72615473203636,65.5681076301371,232.0,15152.0,1.0,20.0
136000.0,2.559129655,2.097726178269875E-7,136000.0,69.15514705882353,65.72787635829556,65.74277477889477,65.59414061218463,1232.0,15168.0,0.0,29.0
137000.0,2.574558881,2.1102427267445462E-7,137000.0,69.13503649635037,65.70554974526164,65.72005318114016,65.56876475857015,46.0,14984.0,2.0,27.0
138000.0,2.589575682,2.12260745010792E-7,138000.0,69.13913043478261,65.71012848641952,65.72421952338412,65.5751618665783,1046.0,15168.0,0.0,22.0
139000.0,2.6048611,2.135187023773355E-7,139000.0,69.14028776978417,65.71139544649334,65.72704682918254,65.57770394979698,261.0,15168.0,1.0,35.0
140000.0,2.619847973,2.1475038419533316E-7,140000.0,69.18571428571428,65.76185856176413,65.78010105737425,65.63480809979765,1261.0,15168.0,0.0,17.0
141000.0,2.634980346,2.160065196918655E-7,141000.0,69.16737588652482,65.74150545395588,65.76068551086468,65.61825299537347,836.0,14976.0,1.0,10.0
142000.0,2.650075746,2.1725371265954857E-7,142000.0,69.2049295774648,65.78322119472553,65.7995792305707,65.65911196971838,1836.0,14976.0,0.0,24.0
143000.0,2.665294268,2.1850370791314377E-7,143000.0,69.19999999999999,65.77772696344536,65.79611552469926,65.65314700584094,515.0,14976.0,1.0,22.0
144000.0,2.680481013,2.1973540926041703E-7,144000.0,69.19930555555555,65.77697094562393,65.79231516759475,65.65483703606192,92.0,14912.0,1.0,30.0
145000.0,2.695350132,2.2095833677500488E-7,145000.0,69.19655172413793,65.77392132523954,65.78888914420521,65.65076288913498,1092.0,14976.0,0.0,15.0
146000.0,2.710656895,2.2221383748736648E-7,146000.0,69.15684931506848,65.72981626107422,65.74651615651433,65.6110152276511,319.0,15168.0,2.0,13.0
147000.0,2.725661776,2.2344780668449073E-7,147000.0,69.19047619047619,65.76717004869995,65.78684957998429,65.64931814389516,1319.0,15168.0,0.0,25.0
148000.0,2.740870282,2.247036520890188E-7,148000.0,69.19189189189188,65.768728542649,65.79265227731388,65.65454175674353,337.0,15168.0,1.0,26.0
149000.0,2.756075437,2.2595490957547395E-7,149000.0,69.1765100671141,65.7516286521002,65.77464788732395,65.63430658026668,692.0,15168.0,1.0,15.0
150000.0,2.771352133,2.2720886099928784E-7,150000.0,69.18066666666667,65.75625178280572,65.7768301981774,65.6407474023754,237.0,15160.0,1.0,29.0
151000.0,2.786374141,2.2844498483532833E-7,151000.0,69.20529801324503,65.7836325102789,65.80404615350673,65.66542619174199,1237.0,15168.0,0.0,31.0
152000.0,2.801576239,2.2969954600160734E-7,152000.0,69.20855263157894,65.78723951863098,65.80777604067737,65.67033902034709,661.0,14976.0,1.0,27.0
153000.0,2.817435406,2.3100029068955945E-7,153000.0,69.2281045751634,65.80896156755927,65.8296016199386,65.6961536499887,345.0,15160.0,1.0,19.0
154000.0,2.833479347,2.3232143659103249E-7,154000.0,69.21753246753248,65.79721467766632,65.82019279992502,65.68733895017228,903.0,15168.0,1.0,15.0
155000.0,2.8486945,2.3357433555309144E-7,155000.0,69.23677419354838,65.81859456596654,65.83896319752405,65.70851192359693,1903.0,15168.0,0.0,44.0
156000.0,2.864751182,2.3489244320511406E-7,156000.0,69.22435897435898,65.80480936476144,65.82334348927932,65.69587150063593,592.0,15168.0,1.0,22.0
157000.0,2.883154281,2.3640526515985117E-7,157000.0,69.21528662420383,65.79472610179725,65.81266710993535,65.68791708078943,900.0,14976.0,1.0,21.0
158000.0,2.898417358,2.376440102063306E-7,158000.0,69.22784810126582,65.80870472555206,65.82386143972782,65.70017636684304,135.0,15128.0,1.0,27.0
159000.0,2.913366619,2.388725081008673E-7,159000.0,69.25283018867925,65.83646748441254,65.85294302537561,65.73206975831324,1135.0,15168.0,0.0,23.0
160000.0,2.928438213,2.4011374159053386E-7,160000.0,69.294375,65.88261465873366,65.89921565905462,65.77950211052756,2135.0,15168.0,0.0,34.0
161000.0,2.943664104,2.413659807103107E-7,161000.0,69.30248447204968,65.89161530924385,65.90506150099684,65.79107659509668,505.0,14968.0,1.0,25.0
162000.0,2.958995509,2.4262597756107856E-7,162000.0,69.29691358024691,65.88543916562783,65.89668696176841,65.7838436508974,605.0,14976.0,1.0,14.0
163000.0,2.973971093,2.4385601875166304E-7,163000.0,69.33865030674846,65.9318211380052,65.94251291346953,65.83074672172616,1605.0,14976.0,0.0,18.0
164000.0,2.989397993,2.451071017773718E-7,164000.0,69.29817073170732,65.88685611912443,65.90210339550066,65.7825348284064,71.0,14888.0,2.0,35.0
165000.0,3.004343015,2.46333086198856E-7,165000.0,69.3030303030303,65.8922567358144,65.90970277837604,65.78812277099318,1071.0,14976.0,0.0,25.0
166000.0,3.019534966,2.4758517502846817E-7,166000.0,69.28012048192771,65.86680160762575,65.8809597088223,65.75954126715547,835.0,14976.0,1.0,24.0
167000.0,3.03473266,2.488357870835935E-7,167000.0,69.2622754491018,65.84697151158592,65.85923886295011,65.74166766774783,429.0,14976.0,1.0,14.0
168000.0,3.04991975,2.5008241484232656E-7,168000.0,69.25654761904761,65.84061415130871,65.85528707896738,65.73795830099438,806.0,15168.0,1.0,12.0
169000.0,3.065140406,2.513324908728193E-7,169000.0,69.23609467455621,65.81788704221559,65.83383167620637,65.7171305546214,495.0,15168.0,1.0,25.0
170000.0,3.080122375,2.5256141314584343E-7,170000.0,69.25823529411764,65.84247409707406,65.85542735433626,65.74419412562843,1495.0,15168.0,0.0,22.0
171000.0,3.095266816,2.5379065511548473E-7,171000.0,69.25263157894736,65.83624355974646,65.84824038349116,65.73919616326957,228.0,15160.0,1.0,21.0
172000.0,3.110184278,2.550152431599485E-7,172000.0,69.27848837209302,65.86497123155063,65.87446639499365,65.76857298333809,1228.0,15168.0,0.0,18.0
173000.0,3.125346909,2.5624523981772563E-7,173000.0,69.26589595375722,65.85098026673988,65.85691627013941,65.75421872987248,353.0,14976.0,1.0,22.0
174000.0,3.142233988,2.576444468661852E-7,174000.0,69.25229885057472,65.83588882292287,65.84177696054958,65.74050357316666,761.0,14976.0,1.0,16.0
175000.0,3.157600144,2.589041195062009E-7,175000.0,69.26971428571429,65.85524058277286,65.8610904797273,65.7582742241522,1761.0,14976.0,0.0,42.0
176000.0,3.172829679,2.601573832633925E-7,176000.0,69.25568181818181,65.83964276291181,65.84589942497901,65.74405854720875,995.0,14976.0,1.0,16.0
177000.0,3.187875309,2.6140834224339156E-7,177000.0,69.29039548022598,65.87821665809956,65.88571249254714,65.7822011545265,1995.0,14976.0,0.0,28.0
178000.0,3.203101583,2.62657241037579E-7,178000.0,69.27977528089887,65.86640596384673,65.87557646823888,65.77240861291939,823.0,14976.0,1.0,27.0
179000.0,3.218126467,2.6389123826800944E-7,179000.0,69.31396648044694,65.90439588885614,65.9132938650383,65.80932699250555,1823.0,14976.0,0.0,36.0
180000.0,3.233265851,2.6513705201696184E-7,180000.0,69.31166666666667,65.90184622378553,65.91195201421802,65.80708259311302,292.0,14968.0,1.0,25.0
181000.0,3.248323462,2.663722724476021E-7,181000.0,69.33149171270718,65.92386207809228,65.93203591528119,65.8282238802295,1292.0,14976.0,0.0,22.0
182000.0,3.263547739,2.6762107045913106E-7,182000.0,69.3098901098901,65.89986339694508,65.90528975864636,65.80342602456255,410.0,15168.0,1.0,22.0
183000.0,3.278554152,2.6885438921069094E-7,183000.0,69.33770491803278,65.93076239046233,65.93822843822844,65.8301616782876,1410.0,15168.0,0.0,26.0
184000.0,3.293814974,2.701111751436689E-7,184000.0,69.32119565217391,65.91242552559778,65.92190575081801,65.81251968313187,468.0,15168.0,1.0,33.0
185000.0,3.309032507,2.71345625466282E-7,185000.0,69.31621621621622,65.90689787296812,65.9175512752774,65.80874823818532,245.0,14976.0,1.0,24.0
186000.0,3.323987349,2.725738701309014E-7,186000.0,69.33817204301074,65.93130411916907,65.94310215098712,65.83312864323415,1245.0,14976.0,0.0,26.0
187000.0,3.339094117,2.7381806293430414E-7,187000.0,69.32299465240642,65.91444527925738,65.92901432542229,65.81959447784405,909.0,15168.0,1.0,16.0
188000.0,3.354358739,2.7507658344024155E-7,188000.0,69.31170212765957,65.9019098629641,65.91981759003833,65.80691044864577,337.0,14960.0,1.0,36.0
189000.0,3.369564815,2.7630988407389554E-7,189000.0,69.32645502645502,65.9183078133357,65.9341046780155,65.82828378091622,75.0,14920.0,1.0,26.0
190000.0,3.384469832,2.775317230364989E-7,190000.0,69.33631578947367,65.9292676424216,65.94457466520922,65.83874239945587,1075.0,14976.0,0.0,22.0
191000.0,3.39951143,2.787779574235216E-7,191000.0,69.35602094240838,65.95115567284255,65.96479598067094,65.86236461304264,2075.0,14976.0,0.0,49.0
192000.0,3.41468095,2.8002314295403847E-7,192000.0,69.35729166666667,65.95255326944687,65.9679080044887,65.86483789366196,750.0,14976.0,1.0,12.0
193000.0,3.429814659,2.8125154515094413E-7,193000.0,69.3538860103627,65.94878252281401,65.9601284545172,65.86130270410666,482.0,15168.0,1.0,20.0
194000.0,3.444909513,2.824767310091789E-7,194000.0,69.35979381443299,65.95535422595799,65.96819071828519,65.8663757213816,190.0,15152.0,1.0,24.0
195000.0,3.460293488,2.837386285291341E-7,195000.0,69.34102564102564,65.93450426208727,65.94708512516732,65.84748618989677,558.0,14976.0,1.0,15.0
196000.0,3.475531717,2.849754199964137E-7,196000.0,69.33826530612245,65.93142177000311,65.94318291293827,65.8452445227473,122.0,15144.0,1.0,24.0
197000.0,3.490617218,2.861988788587329E-7,197000.0,69.33807106598985,65.93119611883975,65.94559548978154,65.84662531592606,115.0,14904.0,1.0,16.0
198000.0,3.509872308,2.877794670361382E-7,198000.0,69.32474747474747,65.91637603288713,65.9291960935002,65.83451930270627,715.0,15168.0,1.0,16.0
199000.0,3.527129123,2.891985233059855E-7,199000.0,69.33869346733668,65.93187476052468,65.94690225975141,65.85103763236249,1715.0,15168.0,0.0,38.0
200000.0,3.542480501,2.904626080087281E-7,200000.0,69.331,65.92332478955359,65.93866093591217,65.84287432619058,320.0,15160.0,1.0,31.0
201000.0,3.55770608,2.9169837275485387E-7,201000.0,69.3223880597015,65.91375485324902,65.93127911024183,65.83519868797234,303.0,15144.0,1.0,17.0
202000.0,3.572677008,2.92928775132201E-7,202000.0,69.3410891089109,65.93453496200448,65.95327102803739,65.8564151193049,1303.0,15168.0,0.0,31.0
203000.0,3.587717094,2.941713046356806E-7,203000.0,69.36896551724138,65.96550936780451,65.98506605399196,65.88653532809954,2303.0,15168.0,0.0,34.0
204000.0,3.603739936,2.9548474415624497E-7,204000.0,69.35637254901961,65.95151221573985,65.97432003614136,65.87364410064363,795.0,14976.0,1.0,15.0
205000.0,3.619020994,2.967399075201587E-7,205000.0,69.33658536585365,65.92951626465575,65.95279104784808,65.85198907002895,515.0,14784.0,1.0,21.0
206000.0,3.634083075,2.9797798844366006E-7,206000.0,69.34854368932038,65.94280953292474,65.96558935771112,65.86494537158674,1515.0,14784.0,0.0,33.0
207000.0,3.649213169,2.992044689181321E-7,207000.0,69.36086956521739,65.9565245401798,65.9769757311761,65.87923261494097,163.0,14752.0,1.0,18.0
208000.0,3.664687877,3.004746096350871E-7,208000.0,69.34423076923078,65.93803662955446,65.95549290961901,65.85961342828078,785.0,15168.0,1.0,11.0
209000.0,3.679901706,3.017250380746749E-7,209000.0,69.35980861244019,65.9553634232455,65.97198605679307,65.87424661476236,1785.0,15168.0,0.0,41.0
210000.0,3.695116625,3.0295899294896235E-7,210000.0,69.37333333333333,65.97039742600501,65.98638736256471,65.88824948951178,42.0,14904.0,1.0,33.0
211000.0,3.710086285,3.041986164838073E-7,211000.0,69.37725118483412,65.97475370456512,65.99102062729287,65.8883216572783,1042.0,15168.0,0.0,24.0
212000.0,3.72520697,3.054414206884178E-7,212000.0,69.36320754716981,65.95913454315082,65.97659483074732,65.873624699194,954.0,15168.0,1.0,12.0
213000.0,3.740294187,3.0667981917710535E-7,213000.0,69.36807511737089,65.96453111151047,65.98262791837415,65.88176850471932,977.0,15168.0,1.0,15.0
214000.0,3.755453583,3.079233265848352E-7,214000.0,69.35327102803738,65.94808132172939,65.96733935623142,65.86708857465533,949.0,15168.0,1.0,25.0
215000.0,3.770749401,3.0916314606177493E-7,215000.0,69.34558139534883,65.93955085023447,65.95712809917354,65.85536438662749,164.0,14728.0,1.0,35.0
216000.0,3.78570382,3.1038909665347366E-7,216000.0,69.35833333333333,65.95371531451943,65.97085831216773,65.86767056882059,1164.0,14784.0,0.0,23.0
217000.0,3.802522887,3.1177146000882174E-7,217000.0,69.35437788018433,65.94931429641575,65.96795406510515,65.86348679989118,987.0,14976.0,1.0,15.0
218000.0,3.817728097,3.1302278495889754E-7,218000.0,69.36697247706421,65.96329785507521,65.98098847693859,65.87738750983617,1987.0,14976.0,0.0,45.0
219000.0,3.832976026,3.1427443822602404E-7,219000.0,69.35479452054794,65.94977765628744,65.96686595773812,65.86265304150115,920.0,15168.0,1.0,26.0
220000.0,3.847981738,3.155184757649896E-7,220000.0,69.38499999999999,65.9833394455556,65.99775852668564,65.89479760590623,1920.0,15168.0,0.0,28.0
221000.0,3.863437663,3.167721365593371E-7,221000.0,69.35746606334841,65.95275453838869,65.96454724102749,65.86521498059378,170.0,14944.0,2.0,25.0
222000.0,3.88111868,3.1822450216952684E-7,222000.0,69.35225225225226,65.94695010000713,65.9598951349837,65.85877441239639,413.0,14976.0,1.0,15.0
223000.0,3.897398865,3.195459637504275E-7,223000.0,69.33452914798207,65.92726701422116,65.94083076003587,65.84045157100753,643.0,15168.0,1.0,9.0
224000.0,3.912617777,3.2078125037227625E-7,224000.0,69.30133928571428,65.8903847345956,65.90272371611469,65.80267849594446,235.0,15160.0,2.0,10.0
225000.0,3.927678532,3.220198145271959E-7,225000.0,69.29244444444444,65.88050008979704,65.8946412352407,65.79214465013344,605.0,15168.0,1.0,18.0
226000.0,3.942806352,3.2326549070348723E-7,226000.0,69.29247787610619,65.88053709468267,65.89578900295345,65.79071899677619,645.0,15168.0,1.0,13.0
227000.0,3.957980089,3.2451403713587226E-7,227000.0,69.28458149779736,65.87175166813283,65.88945529974659,65.77812026052685,706.0,14976.0,1.0,21.0
228000.0,3.973134903,3.257580468932495E-7,228000.0,69.27412280701755,65.86012577222053,65.8799234362139,65.76554123723936,883.0,15168.0,1.0,19.0
229000.0,3.988216753,3.269952869343382E-7,229000.0,69.27554585152839,65.86170353779357,65.88240998908958,65.76854027702772,503.0,14784.0,1.0,17.0
230000.0,4.003502542,3.282358120062758E-7,230000.0,69.24130434782609,65.82365185964385,65.84462672659768,65.72913689452548,126.0,15112.0,2.0,24.0
231000.0,4.018470374,3.294683761812557E-7,231000.0,69.25238095238096,65.8359640420846,65.85700001922818,65.74106229862437,1126.0,15168.0,0.0,31.0
232000.0,4.033593803,3.3070821336900784E-7,232000.0,69.22715517241379,65.80792385945979,65.8267716535433,65.71221370013015,612.0,14976.0,1.0,20.0
233000.0,4.050080781,3.320642035274432E-7,233000.0,69.20858369098713,65.78728975789156,65.80557832726441,65.6930816166485,980.0,14976.0,1.0,14.0
234000.0,4.065254229,3.333236544429984E-7,234000.0,69.22735042735043,65.8081358861719,65.8268277056688,65.7166798388863,1980.0,14976.0,0.0,35.0
235000.0,4.080528009,3.345633629726595E-7,235000.0,69.2336170212766,65.81510650534182,65.832092814442,65.72193907787128,231.0,15152.0,1.0,20.0
236000.0,4.095453434,3.357899638558259E-7,236000.0,69.24322033898305,65.82577355753216,65.84075710729293,65.73578421653875,1231.0,15168.0,0.0,29.0
237000.0,4.110887004,3.3704193915731345E-7,237000.0,69.23164556962024,65.81292478511168,65.82767863837444,65.72101462900982,45.0,14976.0,2.0,27.0
238000.0,4.133659309,3.389169939820486E-7,238000.0,69.23319327731092,65.81465933514934,65.8291762136534,65.72360752886988,1045.0,15168.0,0.0,22.0
239000.0,4.14911432,3.401889084915151E-7,239000.0,69.23347280334728,65.81495839931691,65.83037867628266,65.72446068651765,260.0,15168.0,1.0,35.0
240000.0,4.164276216,3.4143497440730495E-7,240000.0,69.25958333333332,65.84396035533844,65.86089298356832,65.75710599112563,1260.0,15168.0,0.0,17.0
241000.0,4.179417216,3.4269182602951885E-7,241000.0,69.24896265560166,65.83217044010115,65.8496573906392,65.74737824859149,835.0,14976.0,1.0,10.0
242000.0,4.194465464,3.439351232645408E-7,242000.0,69.27024793388429,65.85581490474266,65.87165731226567,65.7703354567883,1835.0,14976.0,0.0,24.0
243000.0,4.209622071,3.4518003304031325E-7,243000.0,69.26748971193416,65.85274197308944,65.86977683733302,65.76698815504786,514.0,14976.0,1.0,22.0
244000.0,4.224845045,3.4641467269386016E-7,244000.0,69.26639344262296,65.85153173336195,65.86678076268332,65.7669008522896,91.0,14912.0,1.0,30.0
245000.0,4.239794574,3.4764421361987125E-7,245000.0,69.26448979591837,65.84942298641145,65.8644496525338,65.76419293388074,1091.0,14976.0,0.0,15.0
246000.0,4.255099691,3.488995793230103E-7,246000.0,69.24105691056911,65.82339103773698,65.83944308003467,65.74045566502463,318.0,15168.0,2.0,13.0
247000.0,4.270121767,3.5013496260001593E-7,247000.0,69.26032388663967,65.8447926147467,65.86261779728076,65.76225176313558,1318.0,15168.0,0.0,25.0
248000.0,4.285285359,3.5138709922207063E-7,248000.0,69.2608870967742,65.84541056385736,65.86576994891037,65.76490400808352,336.0,15168.0,1.0,26.0
249000.0,4.300458108,3.5263568996490456E-7,249000.0,69.25140562248995,65.83487063924012,65.85470276055835,65.75237072821614,691.0,15168.0,1.0,15.0
250000.0,4.315629306,3.5388098183515336E-7,250000.0,69.2536,65.83731328272108,65.85569538159478,65.75575593413645,236.0,15160.0,1.0,29.0
251000.0,4.330641443,3.551162934110496E-7,251000.0,69.26812749003984,65.85346227542142,65.8717552793767,65.77028724079325,1236.0,15168.0,0.0,31.0
252000.0,4.345772025,3.563649526816582E-7,252000.0,69.26984126984127,65.8553604775533,65.87373634993521,65.77282953154211,660.0,14976.0,1.0,27.0
253000.0,4.360923101,3.5760762082581475E-7,253000.0,69.28142292490118,65.86822601896574,65.88667518204922,65.78786344727399,344.0,15160.0,1.0,19.0
254000.0,4.376042051,3.5885259790638837E-7,254000.0,69.2748031496063,65.86087083410015,65.8807430497567,65.78215842226646,902.0,15168.0,1.0,15.0
255000.0,4.39116526,3.6009792569632916E-7,255000.0,69.28627450980393,65.87361735961373,65.89191849248552,65.7946455867581,1902.0,15168.0,0.0,44.0
256000.0,4.40632001,3.6134199292886756E-7,256000.0,69.278515625,65.86500263932864,65.88219472834858,65.7866116795434,591.0,15168.0,1.0,22.0
257000.0,4.421560142,3.625948040061047E-7,257000.0,69.2727626459144,65.85860712024281,65.87544400943763,65.78140030678836,899.0,14976.0,1.0,21.0
258000.0,4.436830905,3.6383417284518026E-7,258000.0,69.28062015503876,65.86735076411607,65.88263654521663,65.78897387640936,134.0,15128.0,1.0,27.0
259000.0,4.451804389,3.6506466133339914E-7,259000.0,69.2953667953668,65.88373631496927,65.89968654726019,65.80775812401647,1134.0,15168.0,0.0,23.0
260000.0,4.466832476,3.6630231176838447E-7,260000.0,69.32076923076923,65.91195273255465,65.92812811016996,65.83677752318135,2134.0,15168.0,0.0,34.0
261000.0,4.48201612,3.6755107632328407E-7,261000.0,69.32567049808429,65.91739271836,65.93147997634013,65.84354414826444,504.0,14968.0,1.0,25.0
262000.0,4.497122577,3.687925860379032E-7,262000.0,69.32213740458015,65.91347683786263,65.92620226548192,65.83887625645494,604.0,14976.0,1.0,14.0
263000.0,4.512068929,3.7002022621600743E-7,263000.0,69.34790874524714,65.94211660173472,65.95449055265091,65.86771330826812,1604.0,14976.0,0.0,18.0
264000.0,4.527405079,3.7126391790379006E-7,264000.0,69.32310606060607,65.91456843431253,65.92976197487653,65.83807177687416,70.0,14880.0,2.0,35.0
265000.0,4.542327283,3.724880304971478E-7,265000.0,69.32566037735849,65.91740572560781,65.93396922251651,65.84106199599104,1070.0,14976.0,0.0,25.0
266000.0,4.557431249,3.7373286778706807E-7,266000.0,69.31127819548873,65.90142721572644,65.91608455843976,65.8229014025539,834.0,14976.0,1.0,24.0
267000.0,4.572526932,3.7497039908172724E-7,267000.0,69.3003745318352,65.88930926092338,65.90264316081101,65.81205136867746,428.0,14976.0,1.0,13.0
268000.0,4.587691643,3.762151898669116E-7,268000.0,69.29626865671642,65.88475152009015,65.8995876587721,65.80890449379844,805.0,15168.0,1.0,13.0
269000.0,4.602830754,3.774585685875179E-7,269000.0,69.28327137546468,65.87030874833982,65.88594242210304,65.79556320916005,494.0,15168.0,1.0,25.0
270000.0,4.617813032,3.7868751620680876E-7,270000.0,69.29703703703703,65.88559528365562,65.8993492336424,65.81229714738184,1494.0,15168.0,0.0,22.0
271000.0,4.632901526,3.79912217077807E-7,271000.0,69.29372693726937,65.88191530759642,65.8950629933523,65.80944437368264,227.0,15160.0,1.0,21.0
272000.0,4.647809849,3.8113605489343565E-7,272000.0,69.30955882352941,65.89950567410392,65.91120693879552,65.82719971180849,1227.0,15168.0,0.0,18.0
273000.0,4.662945126,3.823638325874606E-7,273000.0,69.3014652014652,65.89051332884821,65.89995442856679,65.81789556974933,352.0,14976.0,1.0,22.0
274000.0,4.678038067,3.8361438334459185E-7,274000.0,69.29306569343066,65.88119025210938,65.89045149938987,65.80936435822206,760.0,14976.0,1.0,16.0
275000.0,4.693163509,3.8485432295314094E-7,275000.0,69.30363636363637,65.89293624488222,65.90215981936204,65.82001198516431,1760.0,14976.0,0.0,42.0
276000.0,4.70822706,3.860939276109921E-7,276000.0,69.29492753623188,65.88325745296478,65.89272706051862,65.8111313721377,994.0,14976.0,1.0,16.0
277000.0,4.723270296,3.873446875434406E-7,277000.0,69.31660649819494,65.90734744207651,65.91759398496241,65.83511876288826,1994.0,14976.0,0.0,28.0
278000.0,4.738448295,3.885896266959396E-7,278000.0,69.30971223021582,65.89967898553198,65.91098876072286,65.82879754566827,822.0,14976.0,1.0,27.0
279000.0,4.753457497,3.8982233596004914E-7,279000.0,69.331541218638,65.92393246985247,65.93505904085484,65.85267543579593,1822.0,14976.0,0.0,36.0
280000.0,4.768627428,3.9106680172875476E-7,280000.0,69.33035714285715,65.92261945813172,65.93451493129385,65.85215524097345,291.0,14968.0,1.0,24.0
281000.0,4.783554678,3.922913282604387E-7,281000.0,69.34270462633452,65.93633142656844,65.94711044351332,65.86507219501371,1291.0,14976.0,0.0,23.0
282000.0,4.798731082,3.9353619940521357E-7,282000.0,69.32872340425533,65.92079738583449,65.9296636808395,65.84894932600507,409.0,15168.0,1.0,22.0
283000.0,4.813750754,3.947706078624431E-7,283000.0,69.34664310954064,65.94070491304342,65.95087449367287,65.86606752891089,1409.0,15168.0,0.0,26.0
284000.0,4.829061439,3.9603150020050045E-7,284000.0,69.33591549295774,65.92879017651627,65.94025484383188,65.85465310043325,467.0,15168.0,1.0,33.0
285000.0,4.844484344,3.972826103543527E-7,285000.0,69.33263157894737,65.9251445697258,65.93736359668267,65.85192420394608,244.0,14976.0,1.0,24.0
286000.0,4.859563777,3.9852108770688745E-7,286000.0,69.34685314685315,65.94095329757558,65.95391032163356,65.86761768679409,1244.0,14976.0,0.0,26.0
287000.0,4.874715808,3.9976480629931883E-7,287000.0,69.33728222996515,65.93032154465075,65.94507994984752,65.85907099987973,908.0,15168.0,1.0,16.0
288000.0,4.889983803,4.0102360489859303E-7,288000.0,69.3295138888889,65.92169791821259,65.93863393604263,65.85027333390036,336.0,14960.0,1.0,36.0
289000.0,4.905216835,4.022590918196154E-7,289000.0,69.33944636678201,65.93273732979078,65.9482973956552,65.86447338007551,74.0,14920.0,1.0,26.0
290000.0,4.920105928,4.0347962541211147E-7,290000.0,69.34551724137931,65.93948325439223,65.95472527640865,65.8708129379019,1074.0,14976.0,0.0,22.0
291000.0,4.935229427,4.0472860784512593E-7,291000.0,69.35841924398626,65.95381316123108,65.96796293257103,65.88619677788363,2074.0,14976.0,0.0,49.0
292000.0,4.950373511,4.059717054691596E-7,292000.0,69.35924657534247,65.95472299293942,65.96999825040508,65.88774000701531,749.0,14976.0,1.0,12.0
293000.0,4.965511017,4.0720041586831377E-7,293000.0,69.35733788395905,65.95261051971293,65.96524613530049,65.88584412426287,481.0,15168.0,1.0,20.0
294000.0,4.980586599,4.0842403749930526E-7,294000.0,69.3608843537415,65.95655570272244,65.97017067992414,65.88872815953104,189.0,15152.0,1.0,24.0
295000.0,4.995788053,4.096709634142468E-7,295000.0,69.34847457627119,65.94276973980664,65.95621317369779,65.87604394277326,557.0,14976.0,1.0,15.0
296000.0,5.010965173,4.1090279504729804E-7,296000.0,69.34695945945946,65.94107622184019,65.95397390628928,65.87496803117149,121.0,15144.0,1.0,24.0
297000.0,5.026051452,4.121263170066927E-7,297000.0,69.34680134680134,65.94089466824434,65.95553727352616,65.87565454347818,114.0,14904.0,1.0,16.0
298000.0,5.041247806,4.133737366485674E-7,298000.0,69.33758389261745,65.93064127482414,65.94423552124991,65.8673978252018,714.0,15168.0,1.0,16.0
299000.0,5.056356146,4.146161202867987E-7,299000.0,69.34715719063546,65.94128009394598,65.95634037716506,65.87864753579593,1714.0,15168.0,0.0,38.0
300000.0,5.0715594,4.158680079553396E-7,300000.0,69.34166666666667,65.93517808456231,65.95044443045894,65.87274494816442,319.0,15160.0,1.0,31.0
301000.0,5.086751187,4.171010300167832E-7,301000.0,69.33588039867111,65.92874842888914,65.9454752742286,65.86752165198548,302.0,15144.0,1.0,17.0
302000.0,5.101732336,4.183322724183893E-7,302000.0,69.34834437086093,65.9425981195996,65.96013826579392,65.88159844313232,1302.0,15168.0,0.0,31.0
303000.0,5.116718119,4.1957031570552495E-7,303000.0,69.36699669966997,65.96332292759969,65.98141802122083,65.90168511463702,2302.0,15168.0,0.0,34.0
304000.0,5.131839863,4.2080988957072666E-7,304000.0,69.35888157894738,65.9543033784781,65.97458385537857,65.89335471658045,794.0,14976.0,1.0,15.0
305000.0,5.147156767,4.2206799727173686E-7,305000.0,69.34524590163934,65.93914601180784,65.95974747511522,65.87837714544307,514.0,14784.0,1.0,21.0
306000.0,5.162230964,4.23307074112633E-7,306000.0,69.35359477124183,65.94842632041143,65.96870418487177,65.88737282062661,1514.0,14784.0,0.0,33.0
307000.0,5.17733437,4.245313911959918E-7,307000.0,69.36156351791531,65.95729373359212,65.97601030196924,65.89656572688247,162.0,14752.0,1.0,18.0
308000.0,5.192373448,4.25765776058909E-7,308000.0,69.35064935064935,65.94516691163561,65.96186575129086,65.88362847849658,784.0,15168.0,1.0,11.0
309000.0,5.207463286,4.270060136469594E-7,309000.0,69.36084142394822,65.95650432965215,65.97264153655942,65.89308423066254,1784.0,15168.0,0.0,41.0
310000.0,5.22271571,4.282430102382327E-7,310000.0,69.37032258064517,65.96704332275539,65.98275349390426,65.9028638118323,41.0,14904.0,1.0,33.0
311000.0,5.237826544,4.2949432425989626E-7,311000.0,69.37266881028938,65.96965314804395,65.98555159964432,65.9025090478219,1041.0,15168.0,0.0,24.0
312000.0,5.253050177,4.307455899996327E-7,312000.0,69.36314102564103,65.95905588807388,65.97576689518684,65.89260418264925,953.0,15168.0,1.0,12.0
313000.0,5.268236045,4.319920860221005E-7,313000.0,69.3664536741214,65.96272868678415,65.97987524925313,65.8979602724379,976.0,15168.0,1.0,15.0
314000.0,5.283423587,4.332379022130759E-7,314000.0,69.3563694267516,65.95152340902278,65.96946408298527,65.88790844923122,948.0,15168.0,1.0,25.0
315000.0,5.298673549,4.3447400478112364E-7,315000.0,69.35111111111111,65.94569067552477,65.96248766041461,65.87984576943875,163.0,14728.0,1.0,35.0
316000.0,5.313664164,4.357029226902164E-7,316000.0,69.35981012658227,65.95535420142042,65.97185613169418,65.88817643742954,1163.0,14784.0,0.0,23.0
317000.0,5.328784604,4.3694498701067805E-7,317000.0,69.35741324921135,65.95268634941299,65.97021513625997,65.88560049729753,986.0,14976.0,1.0,14.0
318000.0,5.343929824,4.3819056007511457E-7,318000.0,69.36603773584906,65.96226137965225,65.97926263257702,65.8951746447414,1986.0,14976.0,0.0,45.0
319000.0,5.359151861,4.3944008795154757E-7,319000.0,69.35736677115987,65.95263502320135,65.9691058665432,65.88454142192533,919.0,15168.0,1.0,27.0
320000.0,5.374218034,4.406848973441927E-7,320000.0,69.378125,65.97570078412832,65.99033749357915,65.90656052551006,1919.0,15168.0,0.0,28.0
321000.0,5.389622473,4.419343820067553E-7,321000.0,69.3595015576324,65.95501359031071,65.96784183191527,65.88651498335183,169.0,14944.0,2.0,25.0
322000.0,5.404925893,4.431914454961626E-7,322000.0,69.35590062111801,65.9510041200031,65.9646242359856,65.88201124426895,412.0,14976.0,1.0,15.0
323000.0,5.420241118,4.444345813352424E-7,323000.0,69.343653250774,65.93740245487953,65.95144763083695,65.86929546394596,642.0,15168.0,1.0,9.0
324000.0,5.435507278,4.456737029764611E-7,324000.0,69.32067901234568,65.9118719042591,65.92507018885,65.84310666533797,234.0,15160.0,2.0,10.0
325000.0,5.450643214,4.469184498554029E-7,325000.0,69.31415384615384,65.90462089546877,65.91906337142545,65.83535167022374,604.0,15168.0,1.0,18.0
326000.0,5.465866833,4.481720144473426E-7,326000.0,69.31411042944785,65.90457319983611,65.9197836003693,65.8342327080971,644.0,15168.0,1.0,13.0
327000.0,5.481099703,4.494254265430896E-7,327000.0,69.3085626911315,65.89840248802723,65.91531214552074,65.82536239533357,705.0,14976.0,1.0,21.0
328000.0,5.49628595,4.5067201653396253E-7,328000.0,69.30152439024391,65.89057869095016,65.90894470796556,65.81682017089724,882.0,15168.0,1.0,19.0
329000.0,5.511446075,4.5191567786714847E-7,329000.0,69.30212765957447,65.89124672588812,65.91024927007915,65.81841073005967,502.0,14784.0,1.0,17.0
330000.0,5.526951061,4.5317399197007385E-7,330000.0,69.27818181818182,65.86463629195282,65.88382963115016,65.79081451887744,125.0,15112.0,2.0,24.0
331000.0,5.54200065,4.5441328863304894E-7,331000.0,69.28610271903324,65.8734408361629,65.89268220674478,65.79928276827226,1125.0,15168.0,0.0,31.0
332000.0,5.557178576,4.556575935514474E-7,332000.0,69.26807228915662,65.8533994093133,65.87111772674817,65.7786259798019,611.0,14976.0,1.0,20.0
333000.0,5.572387509,4.569084694529196E-7,333000.0,69.25495495495495,65.838824952917,65.85615570348038,65.76504577768564,979.0,14976.0,1.0,14.0
334000.0,5.587570795,4.5816873695796107E-7,334000.0,69.2679640718563,65.85327513828663,65.87089158949976,65.78135001066781,1979.0,14976.0,0.0,35.0
335000.0,5.602876329,4.594110228263458E-7,335000.0,69.27223880597015,65.85802954309796,65.87445507135871,65.78484652074921,230.0,15152.0,1.0,20.0
336000.0,5.618047079,4.6065778500218313E-7,336000.0,69.27886904761905,65.86539345701094,65.88041635127409,65.7943745609268,1230.0,15168.0,0.0,29.0
337000.0,5.633527806,4.619135536530464E-7,337000.0,69.27062314540059,65.85624058125615,65.87110126815892,65.78382200371375,44.0,14968.0,2.0,27.0
338000.0,5.648559741,4.631512721117995E-7,338000.0,69.27189349112426,65.85766133662567,65.87235608597219,65.7859020562521,1044.0,15168.0,0.0,22.0
339000.0,5.663816166,4.6440684341615427E-7,339000.0,69.2716814159292,65.8574174356394,65.87274806134249,65.78587804060933,259.0,15168.0,1.0,35.0
340000.0,5.678848312,4.6564224595233955E-7,340000.0,69.28999999999999,65.87776354181281,65.89416195487789,65.80872481023766,1259.0,15168.0,0.0,17.0
341000.0,5.694006207,4.669005000253927E-7,341000.0,69.28269794721407,65.86965734760408,65.88644883097597,65.80202616448956,834.0,14976.0,1.0,10.0
342000.0,5.709098996,4.6814747727034976E-7,342000.0,69.29736842105262,65.88595394964881,65.90158504388828,65.81777815395232,1834.0,14976.0,0.0,24.0
343000.0,5.724336143,4.693990023151821E-7,343000.0,69.29533527696793,65.8836895510615,65.90027521450541,65.8152699605949,513.0,14976.0,1.0,22.0
344000.0,5.739606584,4.7063746011469253E-7,344000.0,69.29476744186046,65.88306367514319,65.89827531655786,65.81539029150095,90.0,14904.0,1.0,30.0
345000.0,5.754557886,4.718671468630945E-7,345000.0,69.29304347826087,65.88115293492997,65.89620682661757,65.813005637648,1090.0,14976.0,0.0,15.0
346000.0,5.769883262,4.7312417426236956E-7,346000.0,69.27630057803468,65.86255272718027,65.87833500243944,65.79599348764776,317.0,15168.0,2.0,13.0
347000.0,5.784932898,4.7436182401460234E-7,347000.0,69.2899135446686,65.87767355759121,65.89471797629106,65.81134060970054,1317.0,15168.0,0.0,25.0
348000.0,5.800152432,4.7561858005842145E-7,348000.0,69.29022988505747,65.87801991886721,65.89687050256404,65.81308680283425,335.0,15168.0,1.0,26.0
349000.0,5.815355105,4.768696332969698E-7,349000.0,69.28338108882521,65.8704068751704,65.88888535335857,65.80401288717343,690.0,15168.0,1.0,15.0
350000.0,5.8305959,4.781206063297571E-7,350000.0,69.28514285714286,65.87236810522353,65.88981504691253,65.80659936258326,235.0,15152.0,1.0,29.0
351000.0,5.845679337,4.793617850060776E-7,351000.0,69.2954415954416,65.88381616193765,65.90120261595072,65.81684275297275,1235.0,15168.0,0.0,31.0
352000.0,5.860862205,4.806147592064505E-7,352000.0,69.29630681818182,65.8847732014298,65.90222171742985,65.81821287039467,659.0,14976.0,1.0,27.0
353000.0,5.876047751,4.818602545274312E-7,353000.0,69.30453257790369,65.8939103344756,65.91141466606683,65.8288525520743,343.0,15160.0,1.0,19.0
354000.0,5.891212813,4.831090287224301E-7,354000.0,69.3,65.88887424750588,65.90750814056354,65.82495817662671,901.0,15168.0,1.0,15.0
355000.0,5.906393269,4.843590705436317E-7,355000.0,69.30816901408451,65.89795129388008,65.91535460782137,65.83391083753266,1901.0,15168.0,0.0,44.0
356000.0,5.921568646,4.856048310653901E-7,356000.0,69.30224719101123,65.89137617385765,65.90798487627747,65.82760583110799,590.0,15168.0,1.0,22.0
357000.0,5.936725341,4.868507832257982E-7,357000.0,69.29803921568627,65.88669780970807,65.90305300291799,65.82373997530463,898.0,14976.0,1.0,21.0
358000.0,5.951972271,4.880882177884043E-7,358000.0,69.30391061452514,65.89323132391026,65.908470453925,65.82938948625304,133.0,15128.0,1.0,27.0
359000.0,5.966951543,4.893191819219285E-7,359000.0,69.31448467966574,65.90497945717397,65.92069890394092,65.84292726184681,1133.0,15168.0,0.0,23.0
360000.0,5.982026766,4.905590606931756E-7,360000.0,69.33277777777778,65.92529893430799,65.94118173320459,65.86377915749375,2133.0,15168.0,0.0,33.0
361000.0,5.997222473,4.918088173581922E-7,361000.0,69.33601108033241,65.92888782742679,65.94326184403621,65.86818038862612,503.0,14968.0,1.0,26.0
362000.0,6.012421608,4.930579437255666E-7,362000.0,69.33342541436464,65.92602218406535,65.9394099310277,65.86473563642514,603.0,14976.0,1.0,14.0
363000.0,6.027431396,4.942907943110223E-7,363000.0,69.35234159779614,65.9470434229953,65.96027867954606,65.8858558663535,1603.0,14976.0,0.0,18.0
364000.0,6.043068679,4.955588741460932E-7,364000.0,69.33406593406593,65.92674596181686,65.9419184368383,65.86401140068135,69.0,14872.0,2.0,35.0
365000.0,6.058107411,4.967925458764444E-7,365000.0,69.3358904109589,65.92877213441007,65.94493938951366,65.86611039442263,1069.0,14976.0,0.0,25.0
366000.0,6.073279571,4.980430035732265E-7,366000.0,69.32540983606557,65.91712846734156,65.93191176872214,65.85284993004441,833.0,14976.0,1.0,24.0
367000.0,6.088430869,4.99285094138437E-7,367000.0,69.3174386920981,65.90826943539115,65.92209034179291,65.8448771107141,427.0,14976.0,1.0,13.0
368000.0,6.103517014,5.005234358569145E-7,368000.0,69.31440217391305,65.90489856638601,65.91981167665124,65.84249610550674,804.0,15168.0,1.0,13.0
369000.0,6.118661177,5.017672294994603E-7,369000.0,69.30487804878048,65.89431486778989,65.90980915031105,65.83268225435216,493.0,15168.0,1.0,25.0
370000.0,6.133675611,5.029988147710257E-7,370000.0,69.31486486486487,65.90540548205668,65.91963114495752,65.84478759600371,1493.0,15168.0,0.0,22.0
371000.0,6.148802057,5.042265961249042E-7,371000.0,69.31239892183288,65.90266392977055,65.91634384523731,65.84261639960037,226.0,15160.0,1.0,21.0
372000.0,6.163708276,5.054502612212563E-7,372000.0,69.3239247311828,65.91547030176159,65.92809114903679,65.85550488911231,1226.0,15168.0,0.0,18.0
373000.0,6.178872009,5.066803472735665E-7,373000.0,69.31796246648794,65.90884604340648,65.91981132075472,65.84862193680843,351.0,14976.0,1.0,22.0
374000.0,6.19398612,5.079326521062969E-7,374000.0,69.3120320855615,65.90226363803431,65.91309357987805,65.84258895515636,759.0,14976.0,1.0,16.0
375000.0,6.209146529,5.091754582074941E-7,375000.0,69.31946666666666,65.91052499932331,65.92132272138906,65.85000979513329,1759.0,14976.0,0.0,42.0
376000.0,6.224240601,5.104175744891823E-7,376000.0,69.31303191489361,65.90337397159045,65.91434791984851,65.84341308324898,993.0,14976.0,1.0,16.0
377000.0,6.2393015,5.116698030001126E-7,377000.0,69.3289124668435,65.92102085347797,65.93256043486588,65.86094602055489,1993.0,14976.0,0.0,28.0
378000.0,6.254564212,5.129216905343071E-7,378000.0,69.32380952380952,65.91534439959584,65.927662837951,65.85622962742667,821.0,14976.0,1.0,27.0
379000.0,6.269614734,5.141577934196627E-7,379000.0,69.33984168865436,65.93315702022242,65.94533763942536,65.87372909728464,1821.0,14976.0,0.0,36.0
380000.0,6.284726621,5.153974662713473E-7,380000.0,69.33921052631578,65.93245731158649,65.94520179581912,65.87358308192496,290.0,14960.0,1.0,24.0
381000.0,6.299721555,5.166275451220297E-7,381000.0,69.34803149606299,65.94225303717107,65.95417176840999,65.88275849980427,1290.0,14976.0,0.0,23.0
382000.0,6.314868952,5.178700369167757E-7,382000.0,69.33769633507853,65.93076971196726,65.94127465063127,65.87081434515554,408.0,15168.0,1.0,22.0
383000.0,6.329874978,5.1910332386231E-7,383000.0,69.3509138381201,65.94545363682099,65.95691615238273,65.88340265001904,1408.0,15168.0,0.0,26.0
384000.0,6.345115046,5.203584006255425E-7,384000.0,69.34296875,65.93662941876774,65.94904635462765,65.87491847235306,466.0,15168.0,1.0,33.0
385000.0,6.360572065,5.216122781161441E-7,385000.0,69.34077922077923,65.93419897613066,65.94717164024095,65.87313519139587,243.0,14976.0,1.0,24.0
386000.0,6.375932311,5.228738187059237E-7,386000.0,69.35103626943005,65.94560086036768,65.95911813959913,65.88441563310138,1243.0,14976.0,0.0,26.0
387000.0,6.391573712,5.24158450621488E-7,387000.0,69.34418604651162,65.93799112167412,65.95284285927472,65.87832299369268,907.0,15168.0,1.0,15.0
388000.0,6.407411507,5.254642274547652E-7,388000.0,69.3381443298969,65.93128394726753,65.94775151773626,65.87145857000242,335.0,14960.0,1.0,37.0
389000.0,6.423063353,5.267336826113524E-7,389000.0,69.34550128534704,65.93946081494875,65.95490765405029,65.88194901433435,73.0,14920.0,1.0,26.0
390000.0,6.438874235,5.280297798691229E-7,390000.0,69.3502564102564,65.94474377784896,65.95995523369889,65.88699965183244,1073.0,14976.0,0.0,22.0
391000.0,6.45468404,5.293351794978515E-7,391000.0,69.35984654731458,65.95539509303185,65.9697939775429,65.89830662859973,2073.0,14976.0,0.0,49.0
392000.0,6.470522014,5.306352348758399E-7,392000.0,69.36020408163265,65.95578538065016,65.97102204794905,65.8991408632252,748.0,14976.0,1.0,12.0
393000.0,6.486521341,5.319338992307453E-7,393000.0,69.3590330788804,65.95449008657633,65.96775925706115,65.89798195483611,480.0,15168.0,1.0,20.0
394000.0,6.50256424,5.332360339171681E-7,394000.0,69.36167512690355,65.95742918495759,65.97152336735759,65.9001028236969,188.0,15152.0,1.0,24.0
395000.0,6.518507821,5.345438341003526E-7,395000.0,69.35215189873418,65.94684997466153,65.96071925656203,65.89032179898624,556.0,14976.0,1.0,15.0
396000.0,6.534653482,5.358542761312729E-7,396000.0,69.3510101010101,65.9455738091476,65.9590341643738,65.8894815830743,120.0,15144.0,1.0,24.0
397000.0,6.550674312,5.371535917088735E-7,397000.0,69.35088161209067,65.94542672127108,65.9601907932467,65.8899582023946,113.0,14904.0,1.0,16.0
398000.0,6.566799549,5.3847726035753E-7,398000.0,69.34396984924624,65.93773769355168,65.95171719032112,65.88374115364076,713.0,15168.0,1.0,16.0
399000.0,6.582813624,5.397941240739547E-7,399000.0,69.35112781954888,65.94569225050132,65.96076925003966,65.89212798714773,1713.0,15168.0,0.0,38.0
400000.0,6.599014684,5.411281744839059E-7,400000.0,69.34700000000001,65.94110457913531,65.95633619409098,65.88766845836254,318.0,15160.0,1.0,31.0
401000.0,6.615634892,5.424771325182558E-7,401000.0,69.3426433915212,65.93626353099296,65.9525913042515,65.88371112048486,301.0,15144.0,1.0,17.0
402000.0,6.631845204,5.43809395048831E-7,402000.0,69.35223880597015,65.94692596016162,65.96386540692856,65.8945200473918,1301.0,15168.0,0.0,31.0
403000.0,6.648253168,5.451649311383208E-7,403000.0,69.36600496277916,65.96222170422543,65.97958030781102,65.90931056478627,2301.0,15168.0,0.0,34.0
404000.0,6.664625011,5.465069792981089E-7,404000.0,69.359900990099,65.95543770380908,65.97444221185643,65.90302472723467,793.0,14976.0,1.0,15.0
405000.0,6.681224506,5.478704371151965E-7,405000.0,69.34962962962963,65.94401983786405,65.96326904410675,65.8917242080447,513.0,14784.0,1.0,21.0
406000.0,6.697550878,5.492124409009408E-7,406000.0,69.35591133004925,65.95100230532576,65.9700112690233,65.89846972757697,1513.0,14784.0,0.0,33.0
407000.0,6.713843838,5.505331859876107E-7,407000.0,69.36191646191646,65.95768507048642,65.97551924735056,65.90537488584725,161.0,14752.0,1.0,18.0
408000.0,6.730045062,5.518629580432069E-7,408000.0,69.35392156862746,65.94880164950551,65.96511475981012,65.89586231350408,783.0,15168.0,1.0,11.0
409000.0,6.745947037,5.531699453759562E-7,409000.0,69.36161369193155,65.95735838247465,65.97334042951832,65.90297486075323,1783.0,15168.0,0.0,41.0
410000.0,6.762053993,5.544762125783037E-7,410000.0,69.36878048780488,65.96532498713238,65.98089222009432,65.91034323638387,40.0,14896.0,1.0,33.0
411000.0,6.777755355,5.557764276709859E-7,411000.0,69.37031630170316,65.96703381578402,65.98274385185545,65.90978636748908,1040.0,15168.0,0.0,24.0
412000.0,6.793781419,5.570936470775509E-7,412000.0,69.3631067961165,65.95901509188326,65.97534085579198,65.90226995837195,952.0,15168.0,1.0,12.0
413000.0,6.809779092,5.584067781915077E-7,413000.0,69.36561743341404,65.96179832030134,65.97845553159335,65.90639618858731,975.0,15168.0,1.0,15.0
414000.0,6.825816276,5.597222895155161E-7,414000.0,69.35821256038648,65.95357039262778,65.97092196679097,65.8989309226001,947.0,15168.0,1.0,25.0
415000.0,6.842072973,5.610399941045291E-7,415000.0,69.35397590361447,65.94887058757058,65.96526439734531,65.89251856480452,162.0,14728.0,1.0,35.0
416000.0,6.857950917,5.623416544927901E-7,416000.0,69.36057692307692,65.9562039969327,65.97237424515055,65.89881477914226,1162.0,14784.0,0.0,23.0
417000.0,6.873880929,5.636502208790676E-7,417000.0,69.35875299760191,65.95417387616416,65.9711254983528,65.89683160336189,985.0,14976.0,1.0,14.0
418000.0,6.889905212,5.649680898358545E-7,418000.0,69.36555023923445,65.96172011133551,65.9782721323758,65.90444340305885,1985.0,14976.0,0.0,45.0
419000.0,6.905696439,5.662643406818865E-7,419000.0,69.35871121718377,65.95412755940049,65.97027663877395,65.89606277459902,918.0,15168.0,1.0,27.0
420000.0,6.920779479,5.675063295205989E-7,420000.0,69.37476190476191,65.97196304987072,65.98671475867613,65.91298171969491,1918.0,15168.0,0.0,28.0
421000.0,6.936121733,5.68750770234223E-7,421000.0,69.3605700712589,65.95619842846517,65.96957121638629,65.89768671513549,168.0,14944.0,2.0,25.0
422000.0,6.951208031,5.699899987469423E-7,422000.0,69.35758293838863,65.9528725580106,65.96684879301814,65.89396113350074,411.0,14976.0,1.0,15.0
423000.0,6.966388441,5.712221916610474E-7,423000.0,69.348463356974,65.94274459355782,65.95704458331146,65.88448888304171,641.0,15168.0,1.0,9.0
424000.0,6.981585065,5.724556692134813E-7,424000.0,69.33066037735848,65.92296078274353,65.93661346472719,65.86418440554098,233.0,15160.0,2.0,10.0
425000.0,6.996662685,5.736956203097908E-7,425000.0,69.32564705882352,65.91738982980945,65.93208158572118,65.85829592654477,603.0,15168.0,1.0,18.0
426000.0,7.011830202,5.749445652721446E-7,426000.0,69.3255868544601,65.91732341528731,65.9325131461972,65.85729738768727,643.0,15168.0,1.0,13.0
427000.0,7.027014945,5.761940173154569E-7,427000.0,69.32131147540984,65.91256899379988,65.92905853529128,65.85045398734624,704.0,14976.0,1.0,21.0
428000.0,7.042157071,5.774369855558745E-7,428000.0,69.31588785046729,65.90653979517984,65.92414614464491,65.84385151355163,881.0,15168.0,1.0,19.0
429000.0,7.057262335,5.786753648166728E-7,429000.0,69.31655011655012,65.90727434130636,65.92536985024785,65.84526685331305,501.0,14784.0,1.0,16.0
430000.0,7.072546035,5.799157203548772E-7,430000.0,69.29813953488372,65.88681496109736,65.90505853458227,65.8240333014919,124.0,15112.0,2.0,25.0
431000.0,7.087553035,5.81151509918384E-7,431000.0,69.30394431554524,65.89326755153282,65.91155039318951,65.83019959502458,1124.0,15168.0,0.0,31.0
432000.0,7.102689534,5.823924186007055E-7,432000.0,69.2900462962963,65.87781929765893,65.89493438219,65.81425851055332,610.0,14976.0,1.0,20.0
433000.0,7.117819941,5.83636836042466E-7,433000.0,69.27990762124712,65.86655470417548,65.88337283145077,65.80373485798903,978.0,14976.0,1.0,14.0
434000.0,7.132944804,5.848922542277721E-7,434000.0,69.28986175115207,65.8776111329512,65.89465064803797,65.81618782348204,1978.0,14976.0,0.0,35.0
435000.0,7.148153859,5.861267093012107E-7,435000.0,69.29333333333332,65.88147189958478,65.89768334839641,65.81905651445167,229.0,15152.0,1.0,20.0
436000.0,7.163131432,5.873575958099359E-7,436000.0,69.29816513761467,65.88683776252225,65.90188321662467,65.8261488934218,1229.0,15168.0,0.0,29.0
437000.0,7.1783893,5.885952549629305E-7,437000.0,69.29176201372998,65.87973062524894,65.89465069941444,65.81785485037749,43.0,14960.0,2.0,27.0
438000.0,7.193371364,5.898288670802673E-7,438000.0,69.29269406392694,65.88077305212248,65.8955653432935,65.81938133430921,1043.0,15168.0,0.0,22.0
439000.0,7.208602555,5.910823616801324E-7,439000.0,69.29248291571753,65.88053203330155,65.89581483364829,65.81928639526156,258.0,15168.0,1.0,35.0
440000.0,7.22361785,5.923163793330058E-7,440000.0,69.3065909090909,65.89620105665888,65.91230908636577,65.83685797547253,1258.0,15168.0,0.0,17.0
441000.0,7.238691301,5.935676237251669E-7,441000.0,69.30090702947845,65.88989095557832,65.90630359287921,65.83161502487236,833.0,14976.0,1.0,10.0
442000.0,7.253821018,5.948176519884415E-7,442000.0,69.31221719457014,65.90245499874278,65.91797095841258,65.84373331721713,1833.0,14976.0,0.0,24.0
443000.0,7.269038116,5.96067530279743E-7,443000.0,69.31060948081264,65.90066454358985,65.91691945147785,65.84173341507291,512.0,14976.0,1.0,22.0
444000.0,7.284268414,5.97302700895431E-7,444000.0,69.31036036036036,65.90039148199925,65.91566840679475,65.84201726173615,89.0,14896.0,1.0,30.0
445000.0,7.299176522,5.985288351044347E-7,445000.0,69.30898876404494,65.89887131312301,65.91394065544067,65.84010945171593,1089.0,14976.0,0.0,15.0
446000.0,7.314406225,5.997780151541653E-7,446000.0,69.2957399103139,65.88415239790216,65.89978684409738,65.82660384703686,316.0,15168.0,2.0,13.0
447000.0,7.329614713,6.01028728553814E-7,447000.0,69.3062639821029,65.89584235172714,65.91245627285738,65.838445909607,1316.0,15168.0,0.0,25.0
448000.0,7.344754054,6.022788626447256E-7,448000.0,69.30647321428572,65.89607101571224,65.91408804376655,65.83974064367074,334.0,15168.0,1.0,26.0
449000.0,7.360001032,6.035335618153896E-7,449000.0,69.3011135857461,65.89011331334748,65.90784299176374,65.83263100490802,689.0,15168.0,1.0,15.0
450000.0,7.375239337,6.047843304675755E-7,450000.0,69.30266666666667,65.89184184922509,65.90877120244028,65.83482553595633,234.0,15152.0,1.0,29.0
451000.0,7.390327807,6.060259232970015E-7,451000.0,69.31064301552107,65.90070859316121,65.91759192910138,65.842733785608,1234.0,15168.0,0.0,31.0
452000.0,7.405556314,6.072826638799532E-7,452000.0,69.31106194690265,65.90117039529788,65.9181873352285,65.84349676075378,658.0,14976.0,1.0,27.0
453000.0,7.420751819,6.085289760229238E-7,453000.0,69.31743929359824,65.90825430312599,65.92523222432784,65.85172900927462,342.0,15160.0,1.0,19.0
454000.0,7.43590459,6.097767381097209E-7,454000.0,69.31387665198237,65.90429603960511,65.92215530779278,65.8486421823138,900.0,15168.0,1.0,15.0
455000.0,7.451128644,6.1103037002883E-7,455000.0,69.32021978021979,65.91134432892527,65.92824558277583,65.85557357441094,1900.0,15168.0,0.0,44.0
456000.0,7.466382007,6.122825324923688E-7,456000.0,69.3155701754386,65.90618186634994,65.92246393048154,65.85060478556716,589.0,15168.0,1.0,22.0
457000.0,7.481553127,6.135296704561407E-7,457000.0,69.31225382932166,65.90249448908004,65.9185796147696,65.84753481168329,897.0,14976.0,1.0,21.0
458000.0,7.496765065,6.147642650824308E-7,458000.0,69.31703056768559,65.90780939535263,65.92302320167612,65.8521412880776,132.0,15128.0,1.0,27.0
459000.0,7.511764373,6.159968757310446E-7,459000.0,69.32505446623094,65.9167240090245,65.93239613830482,65.86243432425815,1132.0,15168.0,0.0,23.0
460000.0,7.526855235,6.172380407495402E-7,460000.0,69.33956521739131,65.93284210489038,65.94855996388141,65.87894887092169,2132.0,15168.0,0.0,33.0
461000.0,7.542042751,6.18487123753447E-7,461000.0,69.34208242950109,65.93563623671265,65.95017310041268,65.8823614611396,502.0,14968.0,1.0,26.0
462000.0,7.557229539,6.1973523539444E-7,462000.0,69.33982683982684,65.93313594386895,65.9468997615201,65.8794737273152,602.0,14976.0,1.0,14.0
463000.0,7.572245498,6.20968592843881E-7,463000.0,69.35464362850972,65.9496014351709,65.9632448718656,65.89591485515955,1602.0,14976.0,0.0,18.0
464000.0,7.587598472,6.222136171065849E-7,464000.0,69.34030172413793,65.93367340066051,65.94883504952296,65.8787608412004,68.0,14872.0,2.0,35.0
465000.0,7.602574685,6.234421602181861E-7,465000.0,69.34172043010753,65.93524891413308,65.95127263868622,65.88037632800177,1068.0,14976.0,0.0,25.0
466000.0,7.617693686,6.246882366613628E-7,466000.0,69.33347639484978,65.92609024059085,65.94094612984797,65.86993384442692,832.0,14976.0,1.0,24.0
467000.0,7.632807679,6.259142877916493E-7,467000.0,69.32740899357601,65.91934681083119,65.93352755811878,65.86387110150446,426.0,14976.0,1.0,12.0
468000.0,7.647824012,6.271468990129024E-7,468000.0,69.32478632478633,65.91643503952977,65.93139290672426,65.86172046846204,803.0,15168.0,1.0,14.0
469000.0,7.663113971,6.284026669149637E-7,469000.0,69.31727078891258,65.90808347748668,65.92349825120591,65.8539594856572,492.0,15168.0,1.0,25.0
470000.0,7.678156322,6.296365421273972E-7,470000.0,69.32510638297872,65.91678511495857,65.93120169006495,65.86344145342959,1492.0,15168.0,0.0,22.0
471000.0,7.693289337,6.308648566729926E-7,471000.0,69.3231422505308,65.91460124750597,65.92858793512454,65.86169174682156,225.0,15160.0,1.0,21.0
472000.0,7.708439663,6.32108560735341E-7,472000.0,69.33220338983051,65.9246694299477,65.93790076829856,65.87180708347675,1225.0,15168.0,0.0,18.0
473000.0,7.723781481,6.333530930901959E-7,473000.0,69.32748414376321,65.919426079988,65.93127125171424,65.86642637499148,350.0,14976.0,1.0,22.0
474000.0,7.738866469,6.3460298488827E-7,474000.0,69.32278481012658,65.91421013089426,65.92594675533748,65.86154922501186,758.0,14976.0,1.0,16.0
475000.0,7.754093198,6.358512277095867E-7,475000.0,69.32863157894737,65.92070725154684,65.9324162217904,65.86736702027963,1758.0,14976.0,0.0,42.0
476000.0,7.769162689,6.370913211799143E-7,476000.0,69.32352941176471,65.91503709500611,65.92688350690354,65.8622003707886,992.0,14976.0,1.0,16.0
477000.0,7.78423104,6.383441692824681E-7,477000.0,69.33605870020965,65.92895995584165,65.94125112060635,65.87593582388664,1992.0,14976.0,0.0,28.0
478000.0,7.799478315,6.395947906335712E-7,478000.0,69.33200836820083,65.92445422150836,65.93735985667914,65.8721751823458,820.0,14976.0,1.0,27.0
479000.0,7.814592073,6.408360871063689E-7,479000.0,69.34467640918581,65.93852922428161,65.95132425300629,65.88598537297065,1820.0,14976.0,0.0,36.0
480000.0,7.829735781,6.420783703289366E-7,480000.0,69.34416666666667,65.9379640173814,65.95120416134466,65.88584411369222,289.0,14960.0,1.0,24.0
481000.0,7.844841933,6.433175727215842E-7,481000.0,69.35135135135135,65.94594267358211,65.9585276866947,65.89331655222196,1289.0,14976.0,0.0,23.0
482000.0,7.860029352,6.445708596316972E-7,482000.0,69.34315352697095,65.9368340109275,65.94829771446217,65.88383057124256,407.0,15168.0,1.0,21.0
483000.0,7.875085516,6.45808267224555E-7,483000.0,69.35341614906832,65.94823517642429,65.9604558750483,65.89355373119541,1407.0,15168.0,0.0,27.0
484000.0,7.890331012,6.470637910039472E-7,484000.0,69.34710743801654,65.94122871032712,65.95420477962944,65.88680286499351,465.0,15168.0,1.0,33.0
485000.0,7.905562233,6.482993517007593E-7,485000.0,69.34536082474226,65.93928987943924,65.95278389092066,65.88536288749684,242.0,14976.0,1.0,24.0
486000.0,7.920538216,6.49529332680644E-7,486000.0,69.35349794238684,65.9483350885776,65.96218274227681,65.89429525975082,1242.0,14976.0,0.0,26.0
487000.0,7.935627919,6.507686535106763E-7,487000.0,69.3482546201232,65.9425101015547,65.9574176951917,65.88966251619553,906.0,15168.0,1.0,15.0
488000.0,7.951020545,6.520311013607389E-7,488000.0,69.34344262295082,65.93716820885342,65.95336008138204,65.88418263332406,334.0,14960.0,1.0,37.0
489000.0,7.966225497,6.53264279363242E-7,489000.0,69.34928425357873,65.94366106106763,65.95904146954683,65.8924995448753,72.0,14912.0,1.0,26.0
490000.0,7.981323293,6.545019213868799E-7,490000.0,69.35285714285713,65.9476302294787,65.9628238632629,65.89627012099851,1072.0,14976.0,0.0,22.0
491000.0,7.996753274,6.557693170643968E-7,491000.0,69.36069246435845,65.95633220523077,65.97087916686459,65.90555749452682,2072.0,14976.0,0.0,49.0
492000.0,8.01204579,6.570245986849356E-7,492000.0,69.36077235772358,65.95641563520925,65.97162966875698,65.90590395889122,747.0,14976.0,1.0,12.0
493000.0,8.027348016,6.582666793960123E-7,493000.0,69.35983772819473,65.95538183962954,65.96902752558137,65.90496654959779,479.0,15168.0,1.0,20.0
494000.0,8.043019699,6.595386840398689E-7,494000.0,69.36194331983806,65.95772409620633,65.9720270601434,65.90664378038177,187.0,15152.0,1.0,24.0
495000.0,8.058157513,6.607803897722393E-7,495000.0,69.35434343434343,65.94928120709984,65.96340464677968,65.89882677181285,555.0,14976.0,1.0,15.0
496000.0,8.073333715,6.620121154882341E-7,496000.0,69.35342741935484,65.94825781959271,65.96205391631081,65.89813884202592,119.0,15136.0,1.0,24.0
497000.0,8.088467081,6.632394562805233E-7,497000.0,69.35352112676057,65.94835823064389,65.96319511949854,65.89872584512672,112.0,14904.0,1.0,16.0
498000.0,8.10363638,6.644846550647889E-7,498000.0,69.34779116465863,65.94198423190005,65.9561940912649,65.89351666692734,712.0,15168.0,1.0,16.0
499000.0,8.118813476,6.657326926219438E-7,499000.0,69.35350701402805,65.94833611104922,65.96342302119524,65.90020202200392,1712.0,15168.0,0.0,38.0
500000.0,8.134074991,6.669893776994774E-7,500000.0,69.3502,65.94466069608458,65.95987125750497,65.8966187918089,317.0,15160.0,1.0,31.0
